Moist adiabatic profiles SST=340 
 z(m)  T(K)  qv(kg/kg) 
         0    339.000 0.1723122953  
        50    338.511 0.1723122953  
       100    338.023 0.1723122953  
       150    337.534 0.1723122953  
       200    337.046 0.1723122953  
       250    336.557 0.1723122953  
       300    336.069 0.1723122953  
       350    335.580 0.1723122953  
       400    335.092 0.1723122953  
       450    334.603 0.1723122953  
       500    334.115 0.1723122953  
       550    333.985 0.1721687748  
       600    333.859 0.1720235900  
       650    333.734 0.1718783853  
       700    333.608 0.1717331609  
       750    333.483 0.1715879167  
       800    333.358 0.1714426527  
       850    333.232 0.1712973689  
       900    333.107 0.1711520655  
       950    332.982 0.1710067422  
      1000    332.857 0.1708613993  
      1050    332.732 0.1707160367  
      1100    332.607 0.1705706545  
      1150    332.482 0.1704252525  
      1200    332.357 0.1702798310  
      1250    332.232 0.1701343898  
      1300    332.107 0.1699889290  
      1350    331.982 0.1698434486  
      1400    331.858 0.1696979486  
      1450    331.733 0.1695524291  
      1500    331.608 0.1694068901  
      1550    331.484 0.1692613315  
      1600    331.359 0.1691157534  
      1650    331.235 0.1689701558  
      1700    331.110 0.1688245388  
      1750    330.986 0.1686789023  
      1800    330.861 0.1685332464  
      1850    330.737 0.1683875710  
      1900    330.613 0.1682418762  
      1950    330.489 0.1680961621  
      2000    330.365 0.1679504285  
      2050    330.240 0.1678046757  
      2100    330.116 0.1676589034  
      2150    329.992 0.1675131119  
      2200    329.868 0.1673673010  
      2250    329.744 0.1672214709  
      2300    329.621 0.1670756215  
      2350    329.497 0.1669297528  
      2400    329.373 0.1667838649  
      2450    329.249 0.1666379578  
      2500    329.126 0.1664920315  
      2550    329.002 0.1663460859  
      2600    328.878 0.1662001213  
      2650    328.755 0.1660541374  
      2700    328.631 0.1659081344  
      2750    328.508 0.1657621123  
      2800    328.385 0.1656160711  
      2850    328.261 0.1654700108  
      2900    328.138 0.1653239314  
      2950    328.015 0.1651778330  
      3000    327.892 0.1650317155  
      3050    327.768 0.1648855790  
      3100    327.645 0.1647394235  
      3150    327.522 0.1645932491  
      3200    327.399 0.1644470556  
      3250    327.276 0.1643008432  
      3300    327.153 0.1641546119  
      3350    327.031 0.1640083616  
      3400    326.908 0.1638620924  
      3450    326.785 0.1637158044  
      3500    326.662 0.1635694974  
      3550    326.540 0.1634231717  
      3600    326.417 0.1632768270  
      3650    326.294 0.1631304636  
      3700    326.172 0.1629840814  
      3750    326.049 0.1628376803  
      3800    325.927 0.1626912606  
      3850    325.804 0.1625448220  
      3900    325.682 0.1623983647  
      3950    325.560 0.1622518887  
      4000    325.438 0.1621053940  
      4050    325.315 0.1619588806  
      4100    325.193 0.1618123486  
      4150    325.071 0.1616657979  
      4200    324.949 0.1615192285  
      4250    324.827 0.1613726406  
      4300    324.705 0.1612260340  
      4350    324.583 0.1610794089  
      4400    324.461 0.1609327652  
      4450    324.339 0.1607861029  
      4500    324.218 0.1606394221  
      4550    324.096 0.1604927228  
      4600    323.974 0.1603460050  
      4650    323.853 0.1601992687  
      4700    323.731 0.1600525139  
      4750    323.609 0.1599057407  
      4800    323.488 0.1597589491  
      4850    323.366 0.1596121391  
      4900    323.245 0.1594653106  
      4950    323.124 0.1593184638  
      5000    323.002 0.1591715986  
      5050    322.881 0.1590247151  
      5100    322.760 0.1588778132  
      5150    322.639 0.1587308930  
      5200    322.517 0.1585839546  
      5250    322.396 0.1584369978  
      5300    322.275 0.1582900228  
      5350    322.154 0.1581430296  
      5400    322.033 0.1579960181  
      5450    321.912 0.1578489884  
      5500    321.792 0.1577019405  
      5550    321.671 0.1575548745  
      5600    321.550 0.1574077902  
      5650    321.429 0.1572606879  
      5700    321.309 0.1571135674  
      5750    321.188 0.1569664288  
      5800    321.067 0.1568192721  
      5850    320.947 0.1566720974  
      5900    320.826 0.1565249046  
      5950    320.706 0.1563776938  
      6000    320.585 0.1562304649  
      6050    320.465 0.1560832180  
      6100    320.345 0.1559359532  
      6150    320.224 0.1557886704  
      6200    320.104 0.1556413696  
      6250    319.984 0.1554940509  
      6300    319.864 0.1553467143  
      6350    319.744 0.1551993598  
      6400    319.624 0.1550519874  
      6450    319.504 0.1549045971  
      6500    319.384 0.1547571890  
      6550    319.264 0.1546097630  
      6600    319.144 0.1544623193  
      6650    319.024 0.1543148577  
      6700    318.904 0.1541673784  
      6750    318.785 0.1540198813  
      6800    318.665 0.1538723664  
      6850    318.545 0.1537248339  
      6900    318.426 0.1535772836  
      6950    318.306 0.1534297156  
      7000    318.186 0.1532821300  
      7050    318.067 0.1531345267  
      7100    317.948 0.1529869057  
      7150    317.828 0.1528392672  
      7200    317.709 0.1526916110  
      7250    317.590 0.1525439373  
      7300    317.470 0.1523962459  
      7350    317.351 0.1522485371  
      7400    317.232 0.1521008107  
      7450    317.113 0.1519530667  
      7500    316.994 0.1518053053  
      7550    316.875 0.1516575264  
      7600    316.756 0.1515097301  
      7650    316.637 0.1513619162  
      7700    316.518 0.1512140850  
      7750    316.399 0.1510662364  
      7800    316.280 0.1509183703  
      7850    316.161 0.1507704869  
      7900    316.043 0.1506225861  
      7950    315.924 0.1504746680  
      8000    315.805 0.1503267325  
      8050    315.687 0.1501787798  
      8100    315.568 0.1500308098  
      8150    315.450 0.1498828225  
      8200    315.331 0.1497348179  
      8250    315.213 0.1495867961  
      8300    315.094 0.1494387571  
      8350    314.976 0.1492907009  
      8400    314.858 0.1491426275  
      8450    314.739 0.1489945370  
      8500    314.621 0.1488464293  
      8550    314.503 0.1486983045  
      8600    314.385 0.1485501625  
      8650    314.267 0.1484020035  
      8700    314.149 0.1482538274  
      8750    314.031 0.1481056343  
      8800    313.913 0.1479574241  
      8850    313.795 0.1478091969  
      8900    313.677 0.1476609527  
      8950    313.559 0.1475126915  
      9000    313.441 0.1473644133  
      9050    313.324 0.1472161182  
      9100    313.206 0.1470678062  
      9150    313.088 0.1469194773  
      9200    312.971 0.1467711314  
      9250    312.853 0.1466227687  
      9300    312.735 0.1464743891  
      9350    312.618 0.1463259927  
      9400    312.500 0.1461775795  
      9450    312.383 0.1460291495  
      9500    312.266 0.1458807026  
      9550    312.148 0.1457322391  
      9600    312.031 0.1455837587  
      9650    311.914 0.1454352617  
      9700    311.797 0.1452867479  
      9750    311.679 0.1451382174  
      9800    311.562 0.1449896703  
      9850    311.445 0.1448411065  
      9900    311.328 0.1446925260  
      9950    311.211 0.1445439290  
     10000    311.094 0.1443953153  
     10050    310.977 0.1442466851  
     10100    310.860 0.1440980383  
     10150    310.744 0.1439493749  
     10200    310.627 0.1438006950  
     10250    310.510 0.1436519986  
     10300    310.393 0.1435032857  
     10350    310.277 0.1433545564  
     10400    310.160 0.1432058106  
     10450    310.044 0.1430570483  
     10500    309.927 0.1429082696  
     10550    309.811 0.1427594746  
     10600    309.694 0.1426106631  
     10650    309.578 0.1424618353  
     10700    309.461 0.1423129912  
     10750    309.345 0.1421641307  
     10800    309.229 0.1420152539  
     10850    309.112 0.1418663608  
     10900    308.996 0.1417174515  
     10950    308.880 0.1415685259  
     11000    308.764 0.1414195841  
     11050    308.648 0.1412706260  
     11100    308.532 0.1411216518  
     11150    308.416 0.1409726614  
     11200    308.300 0.1408236548  
     11250    308.184 0.1406746321  
     11300    308.068 0.1405255933  
     11350    307.952 0.1403765384  
     11400    307.836 0.1402274674  
     11450    307.720 0.1400783803  
     11500    307.605 0.1399292772  
     11550    307.489 0.1397801581  
     11600    307.373 0.1396310230  
     11650    307.258 0.1394818718  
     11700    307.142 0.1393327048  
     11750    307.027 0.1391835217  
     11800    306.911 0.1390343227  
     11850    306.796 0.1388851079  
     11900    306.680 0.1387358771  
     11950    306.565 0.1385866305  
     12000    306.450 0.1384373680  
     12050    306.334 0.1382880896  
     12100    306.219 0.1381387955  
     12150    306.104 0.1379894856  
     12200    305.989 0.1378401599  
     12250    305.874 0.1376908184  
     12300    305.758 0.1375414612  
     12350    305.643 0.1373920883  
     12400    305.528 0.1372426996  
     12450    305.413 0.1370932953  
     12500    305.299 0.1369438754  
     12550    305.184 0.1367944397  
     12600    305.069 0.1366449885  
     12650    304.954 0.1364955217  
     12700    304.839 0.1363460393  
     12750    304.724 0.1361965413  
     12800    304.610 0.1360470278  
     12850    304.495 0.1358974987  
     12900    304.380 0.1357479542  
     12950    304.266 0.1355983941  
     13000    304.151 0.1354488186  
     13050    304.037 0.1352992277  
     13100    303.922 0.1351496213  
     13150    303.808 0.1349999995  
     13200    303.693 0.1348503624  
     13250    303.579 0.1347007098  
     13300    303.465 0.1345510419  
     13350    303.351 0.1344013587  
     13400    303.236 0.1342516602  
     13450    303.122 0.1341019464  
     13500    303.008 0.1339522173  
     13550    302.894 0.1338024730  
     13600    302.780 0.1336527134  
     13650    302.666 0.1335029387  
     13700    302.552 0.1333531487  
     13750    302.438 0.1332033436  
     13800    302.324 0.1330535233  
     13850    302.210 0.1329036879  
     13900    302.096 0.1327538374  
     13950    301.982 0.1326039718  
     14000    301.868 0.1324540911  
     14050    301.755 0.1323041954  
     14100    301.641 0.1321542847  
     14150    301.527 0.1320043589  
     14200    301.414 0.1318544181  
     14250    301.300 0.1317044624  
     14300    301.186 0.1315544918  
     14350    301.073 0.1314045062  
     14400    300.959 0.1312545057  
     14450    300.846 0.1311044903  
     14500    300.733 0.1309544600  
     14550    300.619 0.1308044149  
     14600    300.506 0.1306543550  
     14650    300.393 0.1305042803  
     14700    300.279 0.1303541908  
     14750    300.166 0.1302040865  
     14800    300.053 0.1300539674  
     14850    299.940 0.1299038337  
     14900    299.827 0.1297536852  
     14950    299.714 0.1296035221  
     15000    299.600 0.1294533443  
     15050    299.487 0.1293031519  
     15100    299.375 0.1291529448  
     15150    299.262 0.1290027231  
     15200    299.149 0.1288524869  
     15250    299.036 0.1287022361  
     15300    298.923 0.1285519707  
     15350    298.810 0.1284016909  
     15400    298.697 0.1282513965  
     15450    298.585 0.1281010877  
     15500    298.472 0.1279507644  
     15550    298.359 0.1278004267  
     15600    298.247 0.1276500746  
     15650    298.134 0.1274997081  
     15700    298.022 0.1273493272  
     15750    297.909 0.1271989319  
     15800    297.797 0.1270485224  
     15850    297.684 0.1268980985  
     15900    297.572 0.1267476603  
     15950    297.460 0.1265972079  
     16000    297.347 0.1264467412  
     16050    297.235 0.1262962603  
     16100    297.123 0.1261457652  
     16150    297.011 0.1259952559  
     16200    296.898 0.1258447325  
     16250    296.786 0.1256941949  
     16300    296.674 0.1255436432  
     16350    296.562 0.1253930775  
     16400    296.450 0.1252424976  
     16450    296.338 0.1250919037  
     16500    296.226 0.1249412957  
     16550    296.114 0.1247906738  
     16600    296.002 0.1246400379  
     16650    295.890 0.1244893880  
     16700    295.779 0.1243387241  
     16750    295.667 0.1241880464  
     16800    295.555 0.1240373547  
     16850    295.443 0.1238866491  
     16900    295.332 0.1237359297  
     16950    295.220 0.1235851965  
     17000    295.108 0.1234344494  
     17050    294.997 0.1232836886  
     17100    294.885 0.1231329140  
     17150    294.774 0.1229821256  
     17200    294.662 0.1228313235  
     17250    294.551 0.1226805077  
     17300    294.439 0.1225296783  
     17350    294.328 0.1223788351  
     17400    294.217 0.1222279784  
     17450    294.105 0.1220771080  
     17500    293.994 0.1219262240  
     17550    293.883 0.1217753265  
     17600    293.772 0.1216244154  
     17650    293.660 0.1214734907  
     17700    293.549 0.1213225526  
     17750    293.438 0.1211716010  
     17800    293.327 0.1210206359  
     17850    293.216 0.1208696574  
     17900    293.105 0.1207186655  
     17950    292.994 0.1205676602  
     18000    292.883 0.1204166415  
