Moist adiabatic profiles SST=304 
 z(m)  T(K)  qv(kg/kg) 
         0    303.000 0.0216242136  
        50    302.511 0.0216242136  
       100    302.023 0.0216242136  
       150    301.534 0.0216242136  
       200    301.046 0.0216242136  
       250    300.557 0.0216242136  
       300    300.069 0.0216242136  
       350    299.580 0.0216242136  
       400    299.092 0.0216242136  
       450    298.603 0.0216242136  
       500    298.300 0.0215499774  
       550    298.113 0.0214294367  
       600    297.926 0.0213089952  
       650    297.738 0.0211886538  
       700    297.550 0.0210684136  
       750    297.362 0.0209482755  
       800    297.174 0.0208282406  
       850    296.985 0.0207083100  
       900    296.796 0.0205884846  
       950    296.607 0.0204687655  
      1000    296.417 0.0203491539  
      1050    296.228 0.0202296508  
      1100    296.037 0.0201102573  
      1150    295.847 0.0199909745  
      1200    295.657 0.0198718035  
      1250    295.466 0.0197527455  
      1300    295.275 0.0196338016  
      1350    295.083 0.0195149730  
      1400    294.891 0.0193962609  
      1450    294.699 0.0192776664  
      1500    294.507 0.0191591907  
      1550    294.315 0.0190408351  
      1600    294.122 0.0189226008  
      1650    293.928 0.0188044891  
      1700    293.735 0.0186865011  
      1750    293.541 0.0185686382  
      1800    293.347 0.0184509017  
      1850    293.152 0.0183332928  
      1900    292.958 0.0182158129  
      1950    292.762 0.0180984633  
      2000    292.567 0.0179812454  
      2050    292.371 0.0178641605  
      2100    292.175 0.0177472100  
      2150    291.979 0.0176303953  
      2200    291.782 0.0175137178  
      2250    291.585 0.0173971790  
      2300    291.387 0.0172807802  
      2350    291.189 0.0171645231  
      2400    290.991 0.0170484089  
      2450    290.793 0.0169324394  
      2500    290.594 0.0168166158  
      2550    290.394 0.0167009399  
      2600    290.195 0.0165854132  
      2650    289.995 0.0164700371  
      2700    289.794 0.0163548134  
      2750    289.593 0.0162397436  
      2800    289.392 0.0161248294  
      2850    289.190 0.0160100724  
      2900    288.988 0.0158954743  
      2950    288.786 0.0157810368  
      3000    288.583 0.0156667615  
      3050    288.380 0.0155526503  
      3100    288.176 0.0154387049  
      3150    287.972 0.0153249271  
      3200    287.768 0.0152113186  
      3250    287.563 0.0150978813  
      3300    287.358 0.0149846170  
      3350    287.152 0.0148715276  
      3400    286.946 0.0147586150  
      3450    286.739 0.0146458828  
      3500    286.532 0.0145333311  
      3550    286.324 0.0144209619  
      3600    286.116 0.0143087773  
      3650    285.908 0.0141967792  
      3700    285.699 0.0140849697  
      3750    285.489 0.0139733508  
      3800    285.279 0.0138619246  
      3850    285.069 0.0137506933  
      3900    284.858 0.0136396590  
      3950    284.647 0.0135288238  
      4000    284.435 0.0134181900  
      4050    284.222 0.0133077598  
      4100    284.009 0.0131975355  
      4150    283.796 0.0130875192  
      4200    283.582 0.0129777135  
      4250    283.367 0.0128681204  
      4300    283.152 0.0127587426  
      4350    282.937 0.0126495823  
      4400    282.721 0.0125406420  
      4450    282.504 0.0124319242  
      4500    282.287 0.0123234313  
      4550    282.069 0.0122151658  
      4600    281.850 0.0121071305  
      4650    281.631 0.0119993277  
      4700    281.412 0.0118917602  
      4750    281.192 0.0117844306  
      4800    280.971 0.0116773417  
      4850    280.749 0.0115704961  
      4900    280.527 0.0114638965  
      4950    280.305 0.0113575459  
      5000    280.082 0.0112514470  
      5050    279.858 0.0111456028  
      5100    279.633 0.0110400160  
      5150    279.408 0.0109346897  
      5200    279.182 0.0108296269  
      5250    278.956 0.0107248305  
      5300    278.728 0.0106203037  
      5350    278.501 0.0105160495  
      5400    278.272 0.0104120711  
      5450    278.043 0.0103083716  
      5500    277.813 0.0102049543  
      5550    277.582 0.0101018224  
      5600    277.351 0.0099989792  
      5650    277.119 0.0098964282  
      5700    276.886 0.0097941726  
      5750    276.652 0.0096922159  
      5800    276.418 0.0095905615  
      5850    276.183 0.0094892131  
      5900    275.947 0.0093881741  
      5950    275.710 0.0092874481  
      6000    275.473 0.0091870389  
      6050    275.234 0.0090869501  
      6100    274.995 0.0089871854  
      6150    274.755 0.0088877486  
      6200    274.514 0.0087886436  
      6250    274.273 0.0086898743  
      6300    274.030 0.0085914445  
      6350    273.787 0.0084933583  
      6400    273.543 0.0083956197  
      6450    273.298 0.0082982327  
      6500    273.061 0.0082065008  
      6550    272.835 0.0081218408  
      6600    272.609 0.0080374442  
      6650    272.383 0.0079533150  
      6700    272.157 0.0078694573  
      6750    271.930 0.0077858752  
      6800    271.704 0.0077025724  
      6850    271.478 0.0076195529  
      6900    271.252 0.0075368206  
      6950    271.025 0.0074543794  
      7000    270.798 0.0073722329  
      7050    270.572 0.0072903851  
      7100    270.345 0.0072088396  
      7150    270.118 0.0071276002  
      7200    269.891 0.0070466706  
      7250    269.664 0.0069660545  
      7300    269.436 0.0068857554  
      7350    269.209 0.0068057772  
      7400    268.981 0.0067261233  
      7450    268.753 0.0066467974  
      7500    268.525 0.0065678031  
      7550    268.296 0.0064891439  
      7600    268.068 0.0064108234  
      7650    267.839 0.0063328452  
      7700    267.610 0.0062552127  
      7750    267.381 0.0061779296  
      7800    267.151 0.0061009993  
      7850    266.921 0.0060244253  
      7900    266.691 0.0059482111  
      7950    266.460 0.0058723602  
      8000    266.230 0.0057968761  
      8050    265.999 0.0057217623  
      8100    265.767 0.0056470222  
      8150    265.536 0.0055726593  
      8200    265.304 0.0054986771  
      8250    265.071 0.0054250790  
      8300    264.839 0.0053518684  
      8350    264.605 0.0052790489  
      8400    264.372 0.0052066237  
      8450    264.138 0.0051345965  
      8500    263.904 0.0050629706  
      8550    263.669 0.0049917495  
      8600    263.434 0.0049209366  
      8650    263.199 0.0048505353  
      8700    262.963 0.0047805490  
      8750    262.726 0.0047109812  
      8800    262.489 0.0046418354  
      8850    262.252 0.0045731148  
      8900    262.014 0.0045048229  
      8950    261.776 0.0044369632  
      9000    261.537 0.0043695391  
      9050    261.298 0.0043025539  
      9100    261.058 0.0042360110  
      9150    260.818 0.0041699139  
      9200    260.577 0.0041042659  
      9250    260.336 0.0040390704  
      9300    260.094 0.0039743309  
      9350    259.851 0.0039100506  
      9400    259.608 0.0038462329  
      9450    259.364 0.0037828812  
      9500    259.120 0.0037199988  
      9550    258.875 0.0036575890  
      9600    258.630 0.0035956552  
      9650    258.384 0.0035342007  
      9700    258.137 0.0034732288  
      9750    257.890 0.0034127427  
      9800    257.642 0.0033527457  
      9850    257.393 0.0032932411  
      9900    257.144 0.0032342320  
      9950    256.894 0.0031757217  
     10000    256.643 0.0031177134  
     10050    256.391 0.0030602101  
     10100    256.139 0.0030032151  
     10150    255.886 0.0029467315  
     10200    255.633 0.0028907622  
     10250    255.378 0.0028353105  
     10300    255.123 0.0027803791  
     10350    254.868 0.0027259713  
     10400    254.611 0.0026720897  
     10450    254.353 0.0026187375  
     10500    254.095 0.0025659173  
     10550    253.836 0.0025136321  
     10600    253.576 0.0024618846  
     10650    253.316 0.0024106774  
     10700    253.029 0.0023569910  
     10750    252.703 0.0022995442  
     10800    252.375 0.0022428661  
     10850    252.045 0.0021869620  
     10900    251.713 0.0021318370  
     10950    251.378 0.0020774959  
     11000    251.041 0.0020239434  
     11050    250.702 0.0019711840  
     11100    250.361 0.0019192218  
     11150    250.017 0.0018680607  
     11200    249.671 0.0018177043  
     11250    249.323 0.0017681561  
     11300    248.972 0.0017194189  
     11350    248.620 0.0016714957  
     11400    248.265 0.0016243887  
     11450    247.907 0.0015781002  
     11500    247.547 0.0015326317  
     11550    247.185 0.0014879847  
     11600    246.821 0.0014441602  
     11650    246.454 0.0014011588  
     11700    246.085 0.0013589808  
     11750    245.714 0.0013176260  
     11800    245.340 0.0012770939  
     11850    244.964 0.0012373834  
     11900    244.586 0.0011984932  
     11950    244.205 0.0011604215  
     12000    243.822 0.0011231660  
     12050    243.436 0.0010867241  
     12100    243.049 0.0010510926  
     12150    242.659 0.0010162680  
     12200    242.267 0.0009822463  
     12250    241.872 0.0009490230  
     12300    241.476 0.0009165932  
     12350    241.077 0.0008849517  
     12400    240.676 0.0008540926  
     12450    240.272 0.0008240098  
     12500    239.867 0.0007946968  
     12550    239.459 0.0007661463  
     12600    239.049 0.0007383511  
     12650    238.637 0.0007113033  
     12700    238.223 0.0006849946  
     12750    237.807 0.0006594164  
     12800    237.389 0.0006345597  
     12850    236.969 0.0006104153  
     12900    236.547 0.0005869734  
     12950    236.123 0.0005642240  
     13000    235.697 0.0005421568  
     13050    235.269 0.0005207612  
     13100    234.839 0.0005000264  
     13150    234.407 0.0004799411  
     13200    233.974 0.0004604941  
     13250    233.539 0.0004416736  
     13300    233.102 0.0004234679  
     13350    232.663 0.0004058650  
     13400    232.223 0.0003888527  
     13450    231.781 0.0003724188  
     13500    231.337 0.0003565509  
     13550    230.892 0.0003412363  
     13600    230.445 0.0003264626  
     13650    229.997 0.0003122171  
     13700    229.547 0.0002984870  
     13750    229.096 0.0002852597  
     13800    228.644 0.0002725223  
     13850    228.190 0.0002602623  
     13900    227.735 0.0002484668  
     13950    227.278 0.0002371232  
     14000    226.821 0.0002262190  
     14050    226.362 0.0002157417  
     14100    225.902 0.0002056788  
     14150    225.441 0.0001960180  
     14200    224.978 0.0001867473  
     14250    224.515 0.0001778544  
     14300    224.051 0.0001693277  
     14350    223.585 0.0001611553  
     14400    223.119 0.0001533258  
     14450    222.652 0.0001458276  
     14500    222.183 0.0001386498  
     14550    221.714 0.0001317812  
     14600    221.244 0.0001252111  
     14650    220.774 0.0001189291  
     14700    220.302 0.0001129246  
     14750    219.830 0.0001071877  
     14800    219.357 0.0001017084  
     14850    218.883 0.0000964772  
     14900    218.409 0.0000914846  
     14950    217.934 0.0000867214  
     15000    217.458 0.0000821788  
     15050    216.982 0.0000778480  
     15100    216.505 0.0000737207  
     15150    216.027 0.0000697886  
     15200    215.549 0.0000660438  
     15250    215.071 0.0000624786  
     15300    214.592 0.0000590855  
     15350    214.113 0.0000558574  
     15400    213.633 0.0000527873  
     15450    213.152 0.0000498684  
     15500    212.672 0.0000470942  
     15550    212.191 0.0000444584  
     15600    211.709 0.0000419550  
     15650    211.227 0.0000395782  
     15700    210.745 0.0000373224  
     15750    210.263 0.0000351821  
     15800    209.780 0.0000331523  
     15850    209.297 0.0000312278  
     15900    208.814 0.0000294039  
     15950    208.330 0.0000276760  
     16000    207.846 0.0000260398  
     16050    207.362 0.0000244910  
     16100    206.877 0.0000230256  
     16150    206.393 0.0000216396  
     16200    205.908 0.0000203294  
     16250    205.423 0.0000190915  
     16300    204.938 0.0000179224  
     16350    204.452 0.0000168189  
     16400    203.967 0.0000157778  
     16450    203.481 0.0000147962  
     16500    202.995 0.0000138713  
     16550    202.509 0.0000130002  
     16600    202.023 0.0000121805  
     16650    201.536 0.0000114095  
     16700    201.050 0.0000106848  
     16750    200.563 0.0000100042  
     16800    200.076 0.0000093653  
     16850    199.590 0.0000087662  
     16900    199.103 0.0000082046  
     16950    198.616 0.0000076785  
     17000    198.128 0.0000071862  
     17050    197.641 0.0000067256  
     17100    197.154 0.0000062950  
     17150    196.666 0.0000058926  
     17200    196.179 0.0000055167  
     17250    195.691 0.0000051656  
     17300    195.204 0.0000048378  
     17350    194.716 0.0000045316  
     17400    194.228 0.0000042454  
     17450    193.741 0.0000039779  
     17500    193.253 0.0000037275  
     17550    192.765 0.0000034927  
     17600    192.277 0.0000032723  
     17650    191.789 0.0000030649  
     17700    191.301 0.0000028691  
     17750    190.813 0.0000026838  
     17800    190.325 0.0000025077  
     17850    189.837 0.0000023398  
     17900    189.349 0.0000021791  
     17950    188.861 0.0000020245  
     18000    188.373 0.0000018753  
