Moist adiabatic profiles SST=318 
 z(m)  T(K)  qv(kg/kg) 
         0    317.000 0.0488706968  
        50    316.511 0.0488706968  
       100    316.023 0.0488706968  
       150    315.534 0.0488706968  
       200    315.046 0.0488706968  
       250    314.557 0.0488706968  
       300    314.069 0.0488706968  
       350    313.580 0.0488706968  
       400    313.092 0.0488706968  
       450    312.603 0.0488706968  
       500    312.115 0.0488706968  
       550    311.939 0.0487454769  
       600    311.789 0.0486099924  
       650    311.640 0.0484745179  
       700    311.490 0.0483390534  
       750    311.340 0.0482035992  
       800    311.190 0.0480681553  
       850    311.040 0.0479327221  
       900    310.890 0.0477972997  
       950    310.740 0.0476618883  
      1000    310.590 0.0475264879  
      1050    310.440 0.0473910989  
      1100    310.290 0.0472557215  
      1150    310.140 0.0471203557  
      1200    309.990 0.0469850017  
      1250    309.840 0.0468496599  
      1300    309.690 0.0467143303  
      1350    309.539 0.0465790131  
      1400    309.389 0.0464437086  
      1450    309.239 0.0463084168  
      1500    309.089 0.0461731381  
      1550    308.938 0.0460378727  
      1600    308.788 0.0459026206  
      1650    308.638 0.0457673821  
      1700    308.487 0.0456321574  
      1750    308.337 0.0454969468  
      1800    308.186 0.0453617503  
      1850    308.036 0.0452265683  
      1900    307.885 0.0450914008  
      1950    307.734 0.0449562482  
      2000    307.584 0.0448211106  
      2050    307.433 0.0446859883  
      2100    307.282 0.0445508814  
      2150    307.132 0.0444157901  
      2200    306.981 0.0442807147  
      2250    306.830 0.0441456554  
      2300    306.679 0.0440106124  
      2350    306.528 0.0438755859  
      2400    306.377 0.0437405762  
      2450    306.226 0.0436055834  
      2500    306.075 0.0434706078  
      2550    305.924 0.0433356496  
      2600    305.773 0.0432007091  
      2650    305.622 0.0430657864  
      2700    305.470 0.0429308818  
      2750    305.319 0.0427959955  
      2800    305.168 0.0426611277  
      2850    305.016 0.0425262788  
      2900    304.865 0.0423914489  
      2950    304.714 0.0422566382  
      3000    304.562 0.0421218471  
      3050    304.410 0.0419870756  
      3100    304.259 0.0418523242  
      3150    304.107 0.0417175930  
      3200    303.956 0.0415828823  
      3250    303.804 0.0414481923  
      3300    303.652 0.0413135233  
      3350    303.500 0.0411788755  
      3400    303.348 0.0410442492  
      3450    303.196 0.0409096447  
      3500    303.044 0.0407750621  
      3550    302.892 0.0406405018  
      3600    302.740 0.0405059641  
      3650    302.588 0.0403714491  
      3700    302.435 0.0402369572  
      3750    302.283 0.0401024886  
      3800    302.131 0.0399680436  
      3850    301.978 0.0398336225  
      3900    301.826 0.0396992255  
      3950    301.673 0.0395648529  
      4000    301.521 0.0394305051  
      4050    301.368 0.0392961822  
      4100    301.215 0.0391618846  
      4150    301.062 0.0390276125  
      4200    300.909 0.0388933663  
      4250    300.757 0.0387591462  
      4300    300.603 0.0386249525  
      4350    300.450 0.0384907856  
      4400    300.297 0.0383566456  
      4450    300.144 0.0382225330  
      4500    299.991 0.0380884480  
      4550    299.837 0.0379543910  
      4600    299.684 0.0378203622  
      4650    299.531 0.0376863619  
      4700    299.377 0.0375523904  
      4750    299.223 0.0374184482  
      4800    299.070 0.0372845354  
      4850    298.916 0.0371506525  
      4900    298.762 0.0370167997  
      4950    298.608 0.0368829773  
      5000    298.454 0.0367491858  
      5050    298.300 0.0366154253  
      5100    298.146 0.0364816963  
      5150    297.992 0.0363479992  
      5200    297.837 0.0362143341  
      5250    297.683 0.0360807015  
      5300    297.528 0.0359471018  
      5350    297.374 0.0358135352  
      5400    297.219 0.0356800021  
      5450    297.064 0.0355465029  
      5500    296.909 0.0354130380  
      5550    296.755 0.0352796076  
      5600    296.600 0.0351462122  
      5650    296.444 0.0350128521  
      5700    296.289 0.0348795278  
      5750    296.134 0.0347462395  
      5800    295.979 0.0346129876  
      5850    295.823 0.0344797726  
      5900    295.668 0.0343465948  
      5950    295.512 0.0342134546  
      6000    295.356 0.0340803524  
      6050    295.200 0.0339472885  
      6100    295.044 0.0338142635  
      6150    294.888 0.0336812776  
      6200    294.732 0.0335483313  
      6250    294.576 0.0334154250  
      6300    294.420 0.0332825591  
      6350    294.263 0.0331497341  
      6400    294.107 0.0330169502  
      6450    293.950 0.0328842081  
      6500    293.793 0.0327515080  
      6550    293.637 0.0326188505  
      6600    293.480 0.0324862359  
      6650    293.323 0.0323536647  
      6700    293.165 0.0322211374  
      6750    293.008 0.0320886543  
      6800    292.851 0.0319562160  
      6850    292.693 0.0318238229  
      6900    292.536 0.0316914754  
      6950    292.378 0.0315591741  
      7000    292.220 0.0314269193  
      7050    292.062 0.0312947116  
      7100    291.904 0.0311625514  
      7150    291.746 0.0310304393  
      7200    291.587 0.0308983757  
      7250    291.429 0.0307663610  
      7300    291.270 0.0306343959  
      7350    291.112 0.0305024807  
      7400    290.953 0.0303706160  
      7450    290.794 0.0302388024  
      7500    290.635 0.0301070403  
      7550    290.476 0.0299753302  
      7600    290.316 0.0298436727  
      7650    290.157 0.0297120683  
      7700    289.997 0.0295805175  
      7750    289.837 0.0294490209  
      7800    289.677 0.0293175790  
      7850    289.517 0.0291861924  
      7900    289.357 0.0290548616  
      7950    289.197 0.0289235872  
      8000    289.036 0.0287923698  
      8050    288.876 0.0286612100  
      8100    288.715 0.0285301082  
      8150    288.554 0.0283990651  
      8200    288.393 0.0282680814  
      8250    288.232 0.0281371575  
      8300    288.071 0.0280062941  
      8350    287.909 0.0278754919  
      8400    287.748 0.0277447513  
      8450    287.586 0.0276140731  
      8500    287.424 0.0274834579  
      8550    287.262 0.0273529063  
      8600    287.099 0.0272224189  
      8650    286.937 0.0270919964  
      8700    286.774 0.0269616395  
      8750    286.612 0.0268313488  
      8800    286.449 0.0267011250  
      8850    286.286 0.0265709687  
      8900    286.122 0.0264408807  
      8950    285.959 0.0263108616  
      9000    285.795 0.0261809122  
      9050    285.631 0.0260510331  
      9100    285.467 0.0259212251  
      9150    285.303 0.0257914888  
      9200    285.139 0.0256618250  
      9250    284.974 0.0255322345  
      9300    284.810 0.0254027179  
      9350    284.645 0.0252732761  
      9400    284.480 0.0251439098  
      9450    284.315 0.0250146197  
      9500    284.149 0.0248854067  
      9550    283.983 0.0247562715  
      9600    283.818 0.0246272149  
      9650    283.652 0.0244982377  
      9700    283.485 0.0243693408  
      9750    283.319 0.0242405249  
      9800    283.152 0.0241117910  
      9850    282.985 0.0239831397  
      9900    282.818 0.0238545720  
      9950    282.651 0.0237260888  
     10000    282.483 0.0235976909  
     10050    282.316 0.0234693791  
     10100    282.148 0.0233411544  
     10150    281.980 0.0232130177  
     10200    281.811 0.0230849699  
     10250    281.643 0.0229570118  
     10300    281.474 0.0228291445  
     10350    281.305 0.0227013688  
     10400    281.135 0.0225736858  
     10450    280.966 0.0224460964  
     10500    280.796 0.0223186014  
     10550    280.626 0.0221912021  
     10600    280.456 0.0220638993  
     10650    280.285 0.0219366940  
     10700    280.115 0.0218095872  
     10750    279.944 0.0216825801  
     10800    279.773 0.0215556736  
     10850    279.601 0.0214288688  
     10900    279.429 0.0213021668  
     10950    279.257 0.0211755687  
     11000    279.085 0.0210490754  
     11050    278.913 0.0209226883  
     11100    278.740 0.0207964083  
     11150    278.567 0.0206702366  
     11200    278.393 0.0205441744  
     11250    278.220 0.0204182228  
     11300    278.046 0.0202923830  
     11350    277.872 0.0201666563  
     11400    277.697 0.0200410437  
     11450    277.522 0.0199155466  
     11500    277.347 0.0197901661  
     11550    277.172 0.0196649035  
     11600    276.996 0.0195397602  
     11650    276.820 0.0194147373  
     11700    276.644 0.0192898362  
     11750    276.468 0.0191650581  
     11800    276.291 0.0190404046  
     11850    276.114 0.0189158767  
     11900    275.936 0.0187914761  
     11950    275.758 0.0186672039  
     12000    275.580 0.0185430617  
     12050    275.402 0.0184190509  
     12100    275.223 0.0182951728  
     12150    275.044 0.0181714290  
     12200    274.864 0.0180478210  
     12250    274.684 0.0179243501  
     12300    274.504 0.0178010180  
     12350    274.324 0.0176778262  
     12400    274.143 0.0175547762  
     12450    273.962 0.0174318697  
     12500    273.780 0.0173091081  
     12550    273.598 0.0171864932  
     12600    273.416 0.0170640266  
     12650    273.233 0.0169417099  
     12700    273.063 0.0168352527  
     12750    272.900 0.0167393626  
     12800    272.739 0.0166435849  
     12850    272.577 0.0165479213  
     12900    272.415 0.0164523738  
     12950    272.254 0.0163569440  
     13000    272.092 0.0162616336  
     13050    271.931 0.0161664444  
     13100    271.770 0.0160713780  
     13150    271.609 0.0159764361  
     13200    271.448 0.0158816203  
     13250    271.287 0.0157869322  
     13300    271.127 0.0156923735  
     13350    270.966 0.0155979457  
     13400    270.806 0.0155036504  
     13450    270.645 0.0154094891  
     13500    270.485 0.0153154635  
     13550    270.325 0.0152215749  
     13600    270.165 0.0151278249  
     13650    270.005 0.0150342150  
     13700    269.845 0.0149407467  
     13750    269.686 0.0148474215  
     13800    269.526 0.0147542408  
     13850    269.366 0.0146612060  
     13900    269.207 0.0145683186  
     13950    269.047 0.0144755801  
     14000    268.888 0.0143829917  
     14050    268.729 0.0142905550  
     14100    268.569 0.0141982713  
     14150    268.410 0.0141061421  
     14200    268.251 0.0140141686  
     14250    268.092 0.0139223523  
     14300    267.933 0.0138306946  
     14350    267.774 0.0137391967  
     14400    267.615 0.0136478602  
     14450    267.456 0.0135566862  
     14500    267.297 0.0134656761  
     14550    267.138 0.0133748314  
     14600    266.979 0.0132841532  
     14650    266.820 0.0131936430  
     14700    266.662 0.0131033021  
     14750    266.503 0.0130131317  
     14800    266.344 0.0129231333  
     14850    266.185 0.0128333081  
     14900    266.027 0.0127436574  
     14950    265.868 0.0126541826  
     15000    265.709 0.0125648849  
     15050    265.551 0.0124757657  
     15100    265.392 0.0123868263  
     15150    265.233 0.0122980679  
     15200    265.074 0.0122094920  
     15250    264.916 0.0121210997  
     15300    264.757 0.0120328924  
     15350    264.598 0.0119448714  
     15400    264.439 0.0118570381  
     15450    264.281 0.0117693936  
     15500    264.122 0.0116819393  
     15550    263.963 0.0115946766  
     15600    263.804 0.0115076068  
     15650    263.645 0.0114207310  
     15700    263.486 0.0113340508  
     15750    263.327 0.0112475673  
     15800    263.168 0.0111612819  
     15850    263.009 0.0110751960  
     15900    262.850 0.0109893108  
     15950    262.690 0.0109036277  
     16000    262.531 0.0108181480  
     16050    262.372 0.0107328731  
     16100    262.213 0.0106478043  
     16150    262.053 0.0105629429  
     16200    261.894 0.0104782903  
     16250    261.734 0.0103938479  
     16300    261.574 0.0103096170  
     16350    261.415 0.0102255989  
     16400    261.255 0.0101417951  
     16450    261.095 0.0100582084  
     16500    260.935 0.0099748387  
     16550    260.775 0.0098916873  
     16600    260.615 0.0098087556  
     16650    260.454 0.0097260452  
     16700    260.294 0.0096435572  
     16750    260.134 0.0095612933  
     16800    259.973 0.0094792548  
     16850    259.812 0.0093974431  
     16900    259.651 0.0093158596  
     16950    259.491 0.0092345059  
     17000    259.330 0.0091533833  
     17050    259.168 0.0090724934  
     17100    259.007 0.0089918376  
     17150    258.846 0.0089114173  
     17200    258.684 0.0088312341  
     17250    258.523 0.0087512895  
     17300    258.361 0.0086715849  
     17350    258.199 0.0085921219  
     17400    258.037 0.0085129020  
     17450    257.874 0.0084339267  
     17500    257.712 0.0083551976  
     17550    257.550 0.0082767162  
     17600    257.387 0.0081984841  
     17650    257.224 0.0081205028  
     17700    257.061 0.0080427740  
     17750    256.898 0.0079652992  
     17800    256.734 0.0078880801  
     17850    256.571 0.0078111181  
     17900    256.407 0.0077344151  
     17950    256.243 0.0076579725  
     18000    256.079 0.0075817921  
