Moist adiabatic profiles SST=334 
 z(m)  T(K)  qv(kg/kg) 
         0    333.000 0.1212290645  
        50    332.511 0.1212290645  
       100    332.023 0.1212290645  
       150    331.534 0.1212290645  
       200    331.046 0.1212290645  
       250    330.557 0.1212290645  
       300    330.069 0.1212290645  
       350    329.580 0.1212290645  
       400    329.092 0.1212290645  
       450    328.603 0.1212290645  
       500    328.115 0.1212290645  
       550    327.893 0.1211222549  
       600    327.764 0.1209785625  
       650    327.635 0.1208348531  
       700    327.505 0.1206911266  
       750    327.376 0.1205473830  
       800    327.247 0.1204036224  
       850    327.118 0.1202598448  
       900    326.989 0.1201160503  
       950    326.860 0.1199722388  
      1000    326.731 0.1198284104  
      1050    326.602 0.1196845651  
      1100    326.474 0.1195407029  
      1150    326.345 0.1193968239  
      1200    326.216 0.1192529280  
      1250    326.087 0.1191090154  
      1300    325.959 0.1189650860  
      1350    325.830 0.1188211399  
      1400    325.701 0.1186771770  
      1450    325.573 0.1185331975  
      1500    325.444 0.1183892013  
      1550    325.316 0.1182451884  
      1600    325.188 0.1181011590  
      1650    325.059 0.1179571129  
      1700    324.931 0.1178130503  
      1750    324.803 0.1176689712  
      1800    324.674 0.1175248755  
      1850    324.546 0.1173807634  
      1900    324.418 0.1172366348  
      1950    324.290 0.1170924898  
      2000    324.162 0.1169483283  
      2050    324.034 0.1168041505  
      2100    323.906 0.1166599564  
      2150    323.778 0.1165157459  
      2200    323.650 0.1163715191  
      2250    323.522 0.1162272760  
      2300    323.394 0.1160830167  
      2350    323.266 0.1159387412  
      2400    323.139 0.1157944494  
      2450    323.011 0.1156501415  
      2500    322.883 0.1155058175  
      2550    322.756 0.1153614773  
      2600    322.628 0.1152171211  
      2650    322.500 0.1150727488  
      2700    322.373 0.1149283604  
      2750    322.245 0.1147839561  
      2800    322.118 0.1146395357  
      2850    321.991 0.1144950994  
      2900    321.863 0.1143506472  
      2950    321.736 0.1142061791  
      3000    321.609 0.1140616951  
      3050    321.481 0.1139171953  
      3100    321.354 0.1137726796  
      3150    321.227 0.1136281481  
      3200    321.100 0.1134836009  
      3250    320.973 0.1133390379  
      3300    320.846 0.1131944593  
      3350    320.719 0.1130498649  
      3400    320.592 0.1129052549  
      3450    320.465 0.1127606292  
      3500    320.338 0.1126159880  
      3550    320.211 0.1124713312  
      3600    320.084 0.1123266588  
      3650    319.958 0.1121819709  
      3700    319.831 0.1120372675  
      3750    319.704 0.1118925487  
      3800    319.577 0.1117478144  
      3850    319.451 0.1116030647  
      3900    319.324 0.1114582997  
      3950    319.198 0.1113135193  
      4000    319.071 0.1111687235  
      4050    318.945 0.1110239125  
      4100    318.818 0.1108790862  
      4150    318.692 0.1107342447  
      4200    318.566 0.1105893879  
      4250    318.439 0.1104445160  
      4300    318.313 0.1102996289  
      4350    318.187 0.1101547267  
      4400    318.061 0.1100098094  
      4450    317.934 0.1098648770  
      4500    317.808 0.1097199296  
      4550    317.682 0.1095749671  
      4600    317.556 0.1094299897  
      4650    317.430 0.1092849974  
      4700    317.304 0.1091399901  
      4750    317.178 0.1089949679  
      4800    317.052 0.1088499309  
      4850    316.927 0.1087048790  
      4900    316.801 0.1085598123  
      4950    316.675 0.1084147308  
      5000    316.549 0.1082696346  
      5050    316.423 0.1081245236  
      5100    316.298 0.1079793980  
      5150    316.172 0.1078342577  
      5200    316.047 0.1076891028  
      5250    315.921 0.1075439332  
      5300    315.795 0.1073987491  
      5350    315.670 0.1072535505  
      5400    315.545 0.1071083373  
      5450    315.419 0.1069631097  
      5500    315.294 0.1068178676  
      5550    315.168 0.1066726111  
      5600    315.043 0.1065273402  
      5650    314.918 0.1063820549  
      5700    314.793 0.1062367553  
      5750    314.667 0.1060914414  
      5800    314.542 0.1059461132  
      5850    314.417 0.1058007708  
      5900    314.292 0.1056554141  
      5950    314.167 0.1055100433  
      6000    314.042 0.1053646583  
      6050    313.917 0.1052192592  
      6100    313.792 0.1050738461  
      6150    313.667 0.1049284188  
      6200    313.542 0.1047829776  
      6250    313.417 0.1046375223  
      6300    313.292 0.1044920531  
      6350    313.168 0.1043465699  
      6400    313.043 0.1042010729  
      6450    312.918 0.1040555619  
      6500    312.794 0.1039100372  
      6550    312.669 0.1037644986  
      6600    312.544 0.1036189462  
      6650    312.420 0.1034733801  
      6700    312.295 0.1033278003  
      6750    312.171 0.1031822068  
      6800    312.046 0.1030365997  
      6850    311.922 0.1028909789  
      6900    311.797 0.1027453445  
      6950    311.673 0.1025996966  
      7000    311.549 0.1024540352  
      7050    311.424 0.1023083603  
      7100    311.300 0.1021626719  
      7150    311.176 0.1020169701  
      7200    311.052 0.1018712549  
      7250    310.928 0.1017255264  
      7300    310.803 0.1015797845  
      7350    310.679 0.1014340293  
      7400    310.555 0.1012882609  
      7450    310.431 0.1011424792  
      7500    310.307 0.1009966843  
      7550    310.183 0.1008508763  
      7600    310.059 0.1007050551  
      7650    309.935 0.1005592209  
      7700    309.811 0.1004133736  
      7750    309.688 0.1002675132  
      7800    309.564 0.1001216399  
      7850    309.440 0.0999757536  
      7900    309.316 0.0998298543  
      7950    309.193 0.0996839422  
      8000    309.069 0.0995380172  
      8050    308.945 0.0993920794  
      8100    308.822 0.0992461288  
      8150    308.698 0.0991001654  
      8200    308.575 0.0989541893  
      8250    308.451 0.0988082005  
      8300    308.328 0.0986621990  
      8350    308.204 0.0985161850  
      8400    308.081 0.0983701583  
      8450    307.957 0.0982241191  
      8500    307.834 0.0980780674  
      8550    307.711 0.0979320032  
      8600    307.587 0.0977859265  
      8650    307.464 0.0976398374  
      8700    307.341 0.0974937360  
      8750    307.218 0.0973476222  
      8800    307.094 0.0972014961  
      8850    306.971 0.0970553577  
      8900    306.848 0.0969092071  
      8950    306.725 0.0967630443  
      9000    306.602 0.0966168693  
      9050    306.479 0.0964706822  
      9100    306.356 0.0963244831  
      9150    306.233 0.0961782718  
      9200    306.110 0.0960320485  
      9250    305.987 0.0958858133  
      9300    305.864 0.0957395661  
      9350    305.742 0.0955933070  
      9400    305.619 0.0954470360  
      9450    305.496 0.0953007531  
      9500    305.373 0.0951544585  
      9550    305.251 0.0950081521  
      9600    305.128 0.0948618340  
      9650    305.005 0.0947155042  
      9700    304.883 0.0945691627  
      9750    304.760 0.0944228097  
      9800    304.637 0.0942764450  
      9850    304.515 0.0941300688  
      9900    304.392 0.0939836811  
      9950    304.270 0.0938372819  
     10000    304.147 0.0936908714  
     10050    304.025 0.0935444494  
     10100    303.902 0.0933980160  
     10150    303.780 0.0932515714  
     10200    303.658 0.0931051155  
     10250    303.535 0.0929586483  
     10300    303.413 0.0928121700  
     10350    303.291 0.0926656805  
     10400    303.169 0.0925191799  
     10450    303.046 0.0923726682  
     10500    302.924 0.0922261454  
     10550    302.802 0.0920796117  
     10600    302.680 0.0919330670  
     10650    302.558 0.0917865113  
     10700    302.436 0.0916399448  
     10750    302.314 0.0914933674  
     10800    302.192 0.0913467793  
     10850    302.070 0.0912001804  
     10900    301.948 0.0910535707  
     10950    301.826 0.0909069504  
     11000    301.704 0.0907603194  
     11050    301.582 0.0906136778  
     11100    301.460 0.0904670257  
     11150    301.338 0.0903203630  
     11200    301.217 0.0901736899  
     11250    301.095 0.0900270063  
     11300    300.973 0.0898803123  
     11350    300.851 0.0897336080  
     11400    300.730 0.0895868933  
     11450    300.608 0.0894401684  
     11500    300.486 0.0892934332  
     11550    300.365 0.0891466879  
     11600    300.243 0.0889999324  
     11650    300.121 0.0888531668  
     11700    300.000 0.0887063911  
     11750    299.878 0.0885596054  
     11800    299.757 0.0884128097  
     11850    299.635 0.0882660041  
     11900    299.514 0.0881191886  
     11950    299.393 0.0879723633  
     12000    299.271 0.0878255281  
     12050    299.150 0.0876786832  
     12100    299.028 0.0875318286  
     12150    298.907 0.0873849642  
     12200    298.786 0.0872380903  
     12250    298.665 0.0870912068  
     12300    298.543 0.0869443137  
     12350    298.422 0.0867974111  
     12400    298.301 0.0866504990  
     12450    298.180 0.0865035776  
     12500    298.059 0.0863566468  
     12550    297.937 0.0862097066  
     12600    297.816 0.0860627572  
     12650    297.695 0.0859157985  
     12700    297.574 0.0857688307  
     12750    297.453 0.0856218537  
     12800    297.332 0.0854748676  
     12850    297.211 0.0853278724  
     12900    297.090 0.0851808683  
     12950    296.969 0.0850338552  
     13000    296.848 0.0848868332  
     13050    296.727 0.0847398023  
     13100    296.606 0.0845927626  
     13150    296.486 0.0844457141  
     13200    296.365 0.0842986569  
     13250    296.244 0.0841515910  
     13300    296.123 0.0840045165  
     13350    296.002 0.0838574334  
     13400    295.882 0.0837103418  
     13450    295.761 0.0835632416  
     13500    295.640 0.0834161331  
     13550    295.519 0.0832690161  
     13600    295.399 0.0831218908  
     13650    295.278 0.0829747572  
     13700    295.157 0.0828276153  
     13750    295.037 0.0826804653  
     13800    294.916 0.0825333071  
     13850    294.796 0.0823861408  
     13900    294.675 0.0822389664  
     13950    294.555 0.0820917840  
     14000    294.434 0.0819445937  
     14050    294.314 0.0817973955  
     14100    294.193 0.0816501894  
     14150    294.073 0.0815029756  
     14200    293.952 0.0813557540  
     14250    293.832 0.0812085246  
     14300    293.711 0.0810612877  
     14350    293.591 0.0809140431  
     14400    293.471 0.0807667910  
     14450    293.350 0.0806195314  
     14500    293.230 0.0804722643  
     14550    293.110 0.0803249899  
     14600    292.989 0.0801777081  
     14650    292.869 0.0800304190  
     14700    292.749 0.0798831227  
     14750    292.629 0.0797358192  
     14800    292.508 0.0795885086  
     14850    292.388 0.0794411908  
     14900    292.268 0.0792938661  
     14950    292.148 0.0791465344  
     15000    292.028 0.0789991958  
     15050    291.908 0.0788518503  
     15100    291.788 0.0787044981  
     15150    291.667 0.0785571390  
     15200    291.547 0.0784097733  
     15250    291.427 0.0782624009  
     15300    291.307 0.0781150219  
     15350    291.187 0.0779676364  
     15400    291.067 0.0778202445  
     15450    290.947 0.0776728461  
     15500    290.827 0.0775254413  
     15550    290.707 0.0773780302  
     15600    290.587 0.0772306129  
     15650    290.467 0.0770831894  
     15700    290.348 0.0769357597  
     15750    290.228 0.0767883239  
     15800    290.108 0.0766408822  
     15850    289.988 0.0764934344  
     15900    289.868 0.0763459808  
     15950    289.748 0.0761985213  
     16000    289.628 0.0760510560  
     16050    289.509 0.0759035849  
     16100    289.389 0.0757561082  
     16150    289.269 0.0756086259  
     16200    289.149 0.0754611380  
     16250    289.029 0.0753136447  
     16300    288.910 0.0751661458  
     16350    288.790 0.0750186416  
     16400    288.670 0.0748711321  
     16450    288.551 0.0747236174  
     16500    288.431 0.0745760974  
     16550    288.311 0.0744285723  
     16600    288.192 0.0742810422  
     16650    288.072 0.0741335070  
     16700    287.952 0.0739859668  
     16750    287.833 0.0738384218  
     16800    287.713 0.0736908720  
     16850    287.593 0.0735433174  
     16900    287.474 0.0733957581  
     16950    287.354 0.0732481942  
     17000    287.235 0.0731006257  
     17050    287.115 0.0729530527  
     17100    286.996 0.0728054752  
     17150    286.876 0.0726578934  
     17200    286.757 0.0725103073  
     17250    286.637 0.0723627169  
     17300    286.518 0.0722151223  
     17350    286.398 0.0720675236  
     17400    286.279 0.0719199209  
     17450    286.159 0.0717723141  
     17500    286.040 0.0716247035  
     17550    285.920 0.0714770890  
     17600    285.801 0.0713294707  
     17650    285.681 0.0711818488  
     17700    285.562 0.0710342231  
     17750    285.442 0.0708865939  
     17800    285.323 0.0707389612  
     17850    285.204 0.0705913250  
     17900    285.084 0.0704436855  
     17950    284.965 0.0702960426  
     18000    284.846 0.0701483966  
