Moist adiabatic profiles SST=336 
 z(m)  T(K)  qv(kg/kg) 
         0    335.000 0.1361086560  
        50    334.511 0.1361086560  
       100    334.023 0.1361086560  
       150    333.534 0.1361086560  
       200    333.046 0.1361086560  
       250    332.557 0.1361086560  
       300    332.069 0.1361086560  
       350    331.580 0.1361086560  
       400    331.092 0.1361086560  
       450    330.603 0.1361086560  
       500    330.115 0.1361086560  
       550    329.915 0.1359932315  
       600    329.787 0.1358489661  
       650    329.659 0.1357046825  
       700    329.531 0.1355603806  
       750    329.404 0.1354160606  
       800    329.276 0.1352717224  
       850    329.148 0.1351273661  
       900    329.021 0.1349829916  
       950    328.893 0.1348385990  
      1000    328.766 0.1346941883  
      1050    328.638 0.1345497596  
      1100    328.511 0.1344053128  
      1150    328.384 0.1342608481  
      1200    328.256 0.1341163653  
      1250    328.129 0.1339718645  
      1300    328.002 0.1338273458  
      1350    327.875 0.1336828092  
      1400    327.748 0.1335382546  
      1450    327.621 0.1333936821  
      1500    327.494 0.1332490918  
      1550    327.367 0.1331044837  
      1600    327.240 0.1329598577  
      1650    327.113 0.1328152139  
      1700    326.986 0.1326705523  
      1750    326.859 0.1325258729  
      1800    326.733 0.1323811759  
      1850    326.606 0.1322364611  
      1900    326.479 0.1320917286  
      1950    326.353 0.1319469784  
      2000    326.226 0.1318022106  
      2050    326.099 0.1316574252  
      2100    325.973 0.1315126221  
      2150    325.847 0.1313678015  
      2200    325.720 0.1312229633  
      2250    325.594 0.1310781075  
      2300    325.468 0.1309332342  
      2350    325.341 0.1307883435  
      2400    325.215 0.1306434352  
      2450    325.089 0.1304985095  
      2500    324.963 0.1303535664  
      2550    324.837 0.1302086059  
      2600    324.711 0.1300636279  
      2650    324.585 0.1299186326  
      2700    324.459 0.1297736200  
      2750    324.333 0.1296285900  
      2800    324.207 0.1294835428  
      2850    324.081 0.1293384783  
      2900    323.955 0.1291933965  
      2950    323.830 0.1290482974  
      3000    323.704 0.1289031812  
      3050    323.578 0.1287580478  
      3100    323.453 0.1286128972  
      3150    323.327 0.1284677295  
      3200    323.201 0.1283225446  
      3250    323.076 0.1281773427  
      3300    322.951 0.1280321236  
      3350    322.825 0.1278868875  
      3400    322.700 0.1277416344  
      3450    322.574 0.1275963643  
      3500    322.449 0.1274510772  
      3550    322.324 0.1273057731  
      3600    322.199 0.1271604521  
      3650    322.074 0.1270151142  
      3700    321.949 0.1268697594  
      3750    321.823 0.1267243877  
      3800    321.698 0.1265789991  
      3850    321.573 0.1264335938  
      3900    321.449 0.1262881716  
      3950    321.324 0.1261427327  
      4000    321.199 0.1259972769  
      4050    321.074 0.1258518045  
      4100    320.949 0.1257063153  
      4150    320.825 0.1255608095  
      4200    320.700 0.1254152870  
      4250    320.575 0.1252697478  
      4300    320.451 0.1251241920  
      4350    320.326 0.1249786197  
      4400    320.202 0.1248330307  
      4450    320.077 0.1246874252  
      4500    319.953 0.1245418032  
      4550    319.828 0.1243961647  
      4600    319.704 0.1242505097  
      4650    319.580 0.1241048382  
      4700    319.455 0.1239591503  
      4750    319.331 0.1238134460  
      4800    319.207 0.1236677253  
      4850    319.083 0.1235219883  
      4900    318.959 0.1233762349  
      4950    318.835 0.1232304652  
      5000    318.711 0.1230846792  
      5050    318.587 0.1229388769  
      5100    318.463 0.1227930584  
      5150    318.339 0.1226472237  
      5200    318.215 0.1225013727  
      5250    318.091 0.1223555056  
      5300    317.967 0.1222096224  
      5350    317.844 0.1220637230  
      5400    317.720 0.1219178075  
      5450    317.596 0.1217718759  
      5500    317.473 0.1216259283  
      5550    317.349 0.1214799647  
      5600    317.225 0.1213339850  
      5650    317.102 0.1211879894  
      5700    316.978 0.1210419778  
      5750    316.855 0.1208959503  
      5800    316.732 0.1207499068  
      5850    316.608 0.1206038475  
      5900    316.485 0.1204577723  
      5950    316.362 0.1203116813  
      6000    316.239 0.1201655745  
      6050    316.115 0.1200194519  
      6100    315.992 0.1198733135  
      6150    315.869 0.1197271594  
      6200    315.746 0.1195809895  
      6250    315.623 0.1194348040  
      6300    315.500 0.1192886028  
      6350    315.377 0.1191423860  
      6400    315.254 0.1189961535  
      6450    315.131 0.1188499055  
      6500    315.009 0.1187036419  
      6550    314.886 0.1185573628  
      6600    314.763 0.1184110681  
      6650    314.640 0.1182647580  
      6700    314.518 0.1181184323  
      6750    314.395 0.1179720913  
      6800    314.272 0.1178257348  
      6850    314.150 0.1176793630  
      6900    314.027 0.1175329757  
      6950    313.905 0.1173865732  
      7000    313.782 0.1172401553  
      7050    313.660 0.1170937221  
      7100    313.538 0.1169472737  
      7150    313.415 0.1168008100  
      7200    313.293 0.1166543311  
      7250    313.171 0.1165078370  
      7300    313.048 0.1163613278  
      7350    312.926 0.1162148034  
      7400    312.804 0.1160682639  
      7450    312.682 0.1159217093  
      7500    312.560 0.1157751397  
      7550    312.438 0.1156285550  
      7600    312.316 0.1154819553  
      7650    312.194 0.1153353406  
      7700    312.072 0.1151887110  
      7750    311.950 0.1150420665  
      7800    311.828 0.1148954070  
      7850    311.707 0.1147487327  
      7900    311.585 0.1146020435  
      7950    311.463 0.1144553395  
      8000    311.341 0.1143086207  
      8050    311.220 0.1141618871  
      8100    311.098 0.1140151387  
      8150    310.977 0.1138683757  
      8200    310.855 0.1137215979  
      8250    310.734 0.1135748055  
      8300    310.612 0.1134279984  
      8350    310.491 0.1132811768  
      8400    310.369 0.1131343405  
      8450    310.248 0.1129874897  
      8500    310.127 0.1128406243  
      8550    310.005 0.1126937444  
      8600    309.884 0.1125468501  
      8650    309.763 0.1123999413  
      8700    309.642 0.1122530180  
      8750    309.520 0.1121060804  
      8800    309.399 0.1119591284  
      8850    309.278 0.1118121620  
      8900    309.157 0.1116651814  
      8950    309.036 0.1115181864  
      9000    308.915 0.1113711772  
      9050    308.794 0.1112241537  
      9100    308.673 0.1110771160  
      9150    308.553 0.1109300642  
      9200    308.432 0.1107829982  
      9250    308.311 0.1106359180  
      9300    308.190 0.1104888238  
      9350    308.070 0.1103417155  
      9400    307.949 0.1101945931  
      9450    307.828 0.1100474568  
      9500    307.708 0.1099003064  
      9550    307.587 0.1097531421  
      9600    307.466 0.1096059638  
      9650    307.346 0.1094587717  
      9700    307.225 0.1093115657  
      9750    307.105 0.1091643458  
      9800    306.985 0.1090171121  
      9850    306.864 0.1088698646  
      9900    306.744 0.1087226034  
      9950    306.624 0.1085753284  
     10000    306.503 0.1084280397  
     10050    306.383 0.1082807373  
     10100    306.263 0.1081334213  
     10150    306.143 0.1079860917  
     10200    306.023 0.1078387485  
     10250    305.903 0.1076913917  
     10300    305.783 0.1075440214  
     10350    305.662 0.1073966375  
     10400    305.542 0.1072492402  
     10450    305.423 0.1071018295  
     10500    305.303 0.1069544053  
     10550    305.183 0.1068069678  
     10600    305.063 0.1066595169  
     10650    304.943 0.1065120527  
     10700    304.823 0.1063645751  
     10750    304.703 0.1062170843  
     10800    304.584 0.1060695803  
     10850    304.464 0.1059220631  
     10900    304.344 0.1057745326  
     10950    304.225 0.1056269890  
     11000    304.105 0.1054794323  
     11050    303.986 0.1053318625  
     11100    303.866 0.1051842797  
     11150    303.747 0.1050366838  
     11200    303.627 0.1048890749  
     11250    303.508 0.1047414531  
     11300    303.388 0.1045938183  
     11350    303.269 0.1044461706  
     11400    303.150 0.1042985100  
     11450    303.030 0.1041508366  
     11500    302.911 0.1040031503  
     11550    302.792 0.1038554513  
     11600    302.673 0.1037077395  
     11650    302.553 0.1035600150  
     11700    302.434 0.1034122778  
     11750    302.315 0.1032645279  
     11800    302.196 0.1031167654  
     11850    302.077 0.1029689903  
     11900    301.958 0.1028212026  
     11950    301.839 0.1026734024  
     12000    301.720 0.1025255896  
     12050    301.601 0.1023777644  
     12100    301.482 0.1022299268  
     12150    301.363 0.1020820767  
     12200    301.245 0.1019342143  
     12250    301.126 0.1017863395  
     12300    301.007 0.1016384524  
     12350    300.888 0.1014905530  
     12400    300.770 0.1013426413  
     12450    300.651 0.1011947175  
     12500    300.532 0.1010467814  
     12550    300.414 0.1008988332  
     12600    300.295 0.1007508728  
     12650    300.176 0.1006029004  
     12700    300.058 0.1004549159  
     12750    299.939 0.1003069194  
     12800    299.821 0.1001589109  
     12850    299.702 0.1000108904  
     12900    299.584 0.0998628580  
     12950    299.466 0.0997148137  
     13000    299.347 0.0995667576  
     13050    299.229 0.0994186896  
     13100    299.111 0.0992706098  
     13150    298.993 0.0991225182  
     13200    298.874 0.0989744149  
     13250    298.756 0.0988263000  
     13300    298.638 0.0986781733  
     13350    298.520 0.0985300351  
     13400    298.402 0.0983818852  
     13450    298.284 0.0982337238  
     13500    298.166 0.0980855509  
     13550    298.047 0.0979373664  
     13600    297.929 0.0977891705  
     13650    297.812 0.0976409632  
     13700    297.694 0.0974927445  
     13750    297.576 0.0973445144  
     13800    297.458 0.0971962730  
     13850    297.340 0.0970480204  
     13900    297.222 0.0968997564  
     13950    297.104 0.0967514813  
     14000    296.987 0.0966031950  
     14050    296.869 0.0964548975  
     14100    296.751 0.0963065889  
     14150    296.633 0.0961582693  
     14200    296.516 0.0960099386  
     14250    296.398 0.0958615969  
     14300    296.280 0.0957132442  
     14350    296.163 0.0955648806  
     14400    296.045 0.0954165061  
     14450    295.928 0.0952681207  
     14500    295.810 0.0951197245  
     14550    295.693 0.0949713175  
     14600    295.575 0.0948228998  
     14650    295.458 0.0946744713  
     14700    295.341 0.0945260322  
     14750    295.223 0.0943775824  
     14800    295.106 0.0942291220  
     14850    294.989 0.0940806510  
     14900    294.871 0.0939321695  
     14950    294.754 0.0937836775  
     15000    294.637 0.0936351751  
     15050    294.520 0.0934866622  
     15100    294.402 0.0933381389  
     15150    294.285 0.0931896053  
     15200    294.168 0.0930410614  
     15250    294.051 0.0928925072  
     15300    293.934 0.0927439427  
     15350    293.817 0.0925953681  
     15400    293.700 0.0924467833  
     15450    293.583 0.0922981884  
     15500    293.466 0.0921495833  
     15550    293.349 0.0920009683  
     15600    293.232 0.0918523432  
     15650    293.115 0.0917037082  
     15700    292.998 0.0915550632  
     15750    292.881 0.0914064084  
     15800    292.765 0.0912577437  
     15850    292.648 0.0911090692  
     15900    292.531 0.0909603849  
     15950    292.414 0.0908116909  
     16000    292.298 0.0906629871  
     16050    292.181 0.0905142738  
     16100    292.064 0.0903655508  
     16150    291.948 0.0902168182  
     16200    291.831 0.0900680761  
     16250    291.714 0.0899193245  
     16300    291.598 0.0897705634  
     16350    291.481 0.0896217929  
     16400    291.365 0.0894730131  
     16450    291.248 0.0893242239  
     16500    291.132 0.0891754254  
     16550    291.015 0.0890266177  
     16600    290.899 0.0888778007  
     16650    290.782 0.0887289746  
     16700    290.666 0.0885801394  
     16750    290.550 0.0884312950  
     16800    290.433 0.0882824416  
     16850    290.317 0.0881335792  
     16900    290.201 0.0879847079  
     16950    290.084 0.0878358276  
     17000    289.968 0.0876869385  
     17050    289.852 0.0875380405  
     17100    289.736 0.0873891337  
     17150    289.619 0.0872402181  
     17200    289.503 0.0870912939  
     17250    289.387 0.0869423610  
     17300    289.271 0.0867934194  
     17350    289.155 0.0866444693  
     17400    289.039 0.0864955106  
     17450    288.923 0.0863465435  
     17500    288.807 0.0861975679  
     17550    288.691 0.0860485839  
     17600    288.575 0.0858995915  
     17650    288.459 0.0857505908  
     17700    288.343 0.0856015818  
     17750    288.227 0.0854525646  
     17800    288.111 0.0853035392  
     17850    287.995 0.0851545057  
     17900    287.879 0.0850054641  
     17950    287.763 0.0848564144  
     18000    287.647 0.0847073567  
