Moist adiabatic profiles SST=328 
 z(m)  T(K)  qv(kg/kg) 
         0    327.000 0.0860949343  
        50    326.511 0.0860949343  
       100    326.023 0.0860949343  
       150    325.534 0.0860949343  
       200    325.046 0.0860949343  
       250    324.557 0.0860949343  
       300    324.069 0.0860949343  
       350    323.580 0.0860949343  
       400    323.092 0.0860949343  
       450    322.603 0.0860949343  
       500    322.115 0.0860949343  
       550    321.872 0.0859963732  
       600    321.738 0.0858549294  
       650    321.603 0.0857134740  
       700    321.468 0.0855720070  
       750    321.333 0.0854305284  
       800    321.198 0.0852890384  
       850    321.064 0.0851475369  
       900    320.929 0.0850060241  
       950    320.794 0.0848644998  
      1000    320.660 0.0847229643  
      1050    320.525 0.0845814176  
      1100    320.390 0.0844398596  
      1150    320.256 0.0842982905  
      1200    320.121 0.0841567103  
      1250    319.987 0.0840151191  
      1300    319.852 0.0838735168  
      1350    319.718 0.0837319036  
      1400    319.583 0.0835902795  
      1450    319.449 0.0834486445  
      1500    319.315 0.0833069987  
      1550    319.180 0.0831653421  
      1600    319.046 0.0830236749  
      1650    318.912 0.0828819970  
      1700    318.777 0.0827403085  
      1750    318.643 0.0825986094  
      1800    318.509 0.0824568999  
      1850    318.375 0.0823151798  
      1900    318.241 0.0821734494  
      1950    318.107 0.0820317087  
      2000    317.972 0.0818899576  
      2050    317.838 0.0817481963  
      2100    317.704 0.0816064248  
      2150    317.570 0.0814646432  
      2200    317.436 0.0813228514  
      2250    317.302 0.0811810497  
      2300    317.168 0.0810392379  
      2350    317.034 0.0808974163  
      2400    316.901 0.0807555847  
      2450    316.767 0.0806137434  
      2500    316.633 0.0804718922  
      2550    316.499 0.0803300314  
      2600    316.365 0.0801881609  
      2650    316.231 0.0800462807  
      2700    316.098 0.0799043911  
      2750    315.964 0.0797624919  
      2800    315.830 0.0796205833  
      2850    315.696 0.0794786653  
      2900    315.563 0.0793367380  
      2950    315.429 0.0791948014  
      3000    315.296 0.0790528556  
      3050    315.162 0.0789109006  
      3100    315.028 0.0787689365  
      3150    314.895 0.0786269633  
      3200    314.761 0.0784849812  
      3250    314.628 0.0783429901  
      3300    314.494 0.0782009901  
      3350    314.361 0.0780589814  
      3400    314.227 0.0779169638  
      3450    314.094 0.0777749375  
      3500    313.961 0.0776329026  
      3550    313.827 0.0774908591  
      3600    313.694 0.0773488071  
      3650    313.561 0.0772067466  
      3700    313.427 0.0770646777  
      3750    313.294 0.0769226004  
      3800    313.161 0.0767805148  
      3850    313.027 0.0766384210  
      3900    312.894 0.0764963190  
      3950    312.761 0.0763542089  
      4000    312.628 0.0762120907  
      4050    312.495 0.0760699646  
      4100    312.361 0.0759278305  
      4150    312.228 0.0757856885  
      4200    312.095 0.0756435387  
      4250    311.962 0.0755013812  
      4300    311.829 0.0753592159  
      4350    311.696 0.0752170431  
      4400    311.563 0.0750748627  
      4450    311.430 0.0749326747  
      4500    311.297 0.0747904794  
      4550    311.164 0.0746482766  
      4600    311.031 0.0745060666  
      4650    310.898 0.0743638493  
      4700    310.765 0.0742216248  
      4750    310.632 0.0740793932  
      4800    310.499 0.0739371545  
      4850    310.366 0.0737949089  
      4900    310.234 0.0736526563  
      4950    310.101 0.0735103969  
      5000    309.968 0.0733681307  
      5050    309.835 0.0732258577  
      5100    309.702 0.0730835781  
      5150    309.570 0.0729412919  
      5200    309.437 0.0727989991  
      5250    309.304 0.0726566999  
      5300    309.171 0.0725143943  
      5350    309.039 0.0723720824  
      5400    308.906 0.0722297642  
      5450    308.773 0.0720874398  
      5500    308.641 0.0719451094  
      5550    308.508 0.0718027728  
      5600    308.375 0.0716604303  
      5650    308.243 0.0715180818  
      5700    308.110 0.0713757276  
      5750    307.978 0.0712333675  
      5800    307.845 0.0710910017  
      5850    307.712 0.0709486303  
      5900    307.580 0.0708062534  
      5950    307.447 0.0706638710  
      6000    307.315 0.0705214831  
      6050    307.182 0.0703790899  
      6100    307.050 0.0702366914  
      6150    306.917 0.0700942878  
      6200    306.785 0.0699518790  
      6250    306.653 0.0698094651  
      6300    306.520 0.0696670463  
      6350    306.388 0.0695246225  
      6400    306.255 0.0693821940  
      6450    306.123 0.0692397607  
      6500    305.990 0.0690973227  
      6550    305.858 0.0689548800  
      6600    305.726 0.0688124329  
      6650    305.593 0.0686699813  
      6700    305.461 0.0685275254  
      6750    305.329 0.0683850651  
      6800    305.196 0.0682426006  
      6850    305.064 0.0681001320  
      6900    304.932 0.0679576593  
      6950    304.799 0.0678151827  
      7000    304.667 0.0676727021  
      7050    304.535 0.0675302177  
      7100    304.403 0.0673877295  
      7150    304.270 0.0672452377  
      7200    304.138 0.0671027423  
      7250    304.006 0.0669602434  
      7300    303.874 0.0668177411  
      7350    303.741 0.0666752354  
      7400    303.609 0.0665327265  
      7450    303.477 0.0663902143  
      7500    303.345 0.0662476991  
      7550    303.213 0.0661051809  
      7600    303.080 0.0659626597  
      7650    302.948 0.0658201357  
      7700    302.816 0.0656776090  
      7750    302.684 0.0655350795  
      7800    302.552 0.0653925475  
      7850    302.420 0.0652500130  
      7900    302.287 0.0651074761  
      7950    302.155 0.0649649368  
      8000    302.023 0.0648223953  
      8050    301.891 0.0646798516  
      8100    301.759 0.0645373059  
      8150    301.627 0.0643947581  
      8200    301.495 0.0642522085  
      8250    301.363 0.0641096571  
      8300    301.230 0.0639671040  
      8350    301.098 0.0638245493  
      8400    300.966 0.0636819930  
      8450    300.834 0.0635394353  
      8500    300.702 0.0633968762  
      8550    300.570 0.0632543159  
      8600    300.438 0.0631117545  
      8650    300.306 0.0629691920  
      8700    300.174 0.0628266285  
      8750    300.042 0.0626840641  
      8800    299.910 0.0625414989  
      8850    299.778 0.0623989330  
      8900    299.645 0.0622563666  
      8950    299.513 0.0621137997  
      9000    299.381 0.0619712323  
      9050    299.249 0.0618286647  
      9100    299.117 0.0616860968  
      9150    298.985 0.0615435289  
      9200    298.853 0.0614009609  
      9250    298.721 0.0612583930  
      9300    298.589 0.0611158254  
      9350    298.457 0.0609732580  
      9400    298.325 0.0608306910  
      9450    298.193 0.0606881245  
      9500    298.061 0.0605455586  
      9550    297.929 0.0604029934  
      9600    297.796 0.0602604290  
      9650    297.664 0.0601178655  
      9700    297.532 0.0599753031  
      9750    297.400 0.0598327417  
      9800    297.268 0.0596901816  
      9850    297.136 0.0595476228  
      9900    297.004 0.0594050654  
      9950    296.872 0.0592625096  
     10000    296.740 0.0591199555  
     10050    296.608 0.0589774031  
     10100    296.476 0.0588348526  
     10150    296.343 0.0586923040  
     10200    296.211 0.0585497576  
     10250    296.079 0.0584072133  
     10300    295.947 0.0582646714  
     10350    295.815 0.0581221319  
     10400    295.683 0.0579795950  
     10450    295.551 0.0578370607  
     10500    295.418 0.0576945291  
     10550    295.286 0.0575520005  
     10600    295.154 0.0574094748  
     10650    295.022 0.0572669523  
     10700    294.890 0.0571244330  
     10750    294.758 0.0569819171  
     10800    294.625 0.0568394046  
     10850    294.493 0.0566968958  
     10900    294.361 0.0565543906  
     10950    294.229 0.0564118893  
     11000    294.096 0.0562693919  
     11050    293.964 0.0561268986  
     11100    293.832 0.0559844096  
     11150    293.700 0.0558419248  
     11200    293.567 0.0556994445  
     11250    293.435 0.0555569687  
     11300    293.303 0.0554144977  
     11350    293.170 0.0552720315  
     11400    293.038 0.0551295702  
     11450    292.906 0.0549871140  
     11500    292.773 0.0548446631  
     11550    292.641 0.0547022175  
     11600    292.509 0.0545597773  
     11650    292.376 0.0544173428  
     11700    292.244 0.0542749140  
     11750    292.111 0.0541324910  
     11800    291.979 0.0539900741  
     11850    291.846 0.0538476633  
     11900    291.714 0.0537052588  
     11950    291.581 0.0535628607  
     12000    291.449 0.0534204692  
     12050    291.316 0.0532780843  
     12100    291.184 0.0531357063  
     12150    291.051 0.0529933352  
     12200    290.919 0.0528509713  
     12250    290.786 0.0527086146  
     12300    290.654 0.0525662653  
     12350    290.521 0.0524239235  
     12400    290.388 0.0522815894  
     12450    290.256 0.0521392631  
     12500    290.123 0.0519969449  
     12550    289.990 0.0518546347  
     12600    289.857 0.0517123328  
     12650    289.725 0.0515700394  
     12700    289.592 0.0514277545  
     12750    289.459 0.0512854783  
     12800    289.326 0.0511432110  
     12850    289.193 0.0510009528  
     12900    289.061 0.0508587037  
     12950    288.928 0.0507164640  
     13000    288.795 0.0505742338  
     13050    288.662 0.0504320132  
     13100    288.529 0.0502898024  
     13150    288.396 0.0501476016  
     13200    288.263 0.0500054110  
     13250    288.130 0.0498632306  
     13300    287.997 0.0497210607  
     13350    287.864 0.0495789015  
     13400    287.731 0.0494367530  
     13450    287.597 0.0492946155  
     13500    287.464 0.0491524891  
     13550    287.331 0.0490103740  
     13600    287.198 0.0488682704  
     13650    287.065 0.0487261784  
     13700    286.931 0.0485840982  
     13750    286.798 0.0484420300  
     13800    286.665 0.0482999739  
     13850    286.531 0.0481579302  
     13900    286.398 0.0480158990  
     13950    286.264 0.0478738805  
     14000    286.131 0.0477318748  
     14050    285.997 0.0475898822  
     14100    285.864 0.0474479029  
     14150    285.730 0.0473059369  
     14200    285.597 0.0471639846  
     14250    285.463 0.0470220460  
     14300    285.329 0.0468801215  
     14350    285.196 0.0467382111  
     14400    285.062 0.0465963150  
     14450    284.928 0.0464544335  
     14500    284.794 0.0463125667  
     14550    284.660 0.0461707149  
     14600    284.526 0.0460288782  
     14650    284.393 0.0458870569  
     14700    284.259 0.0457452510  
     14750    284.125 0.0456034610  
     14800    283.990 0.0454616868  
     14850    283.856 0.0453199288  
     14900    283.722 0.0451781871  
     14950    283.588 0.0450364619  
     15000    283.454 0.0448947536  
     15050    283.320 0.0447530622  
     15100    283.185 0.0446113879  
     15150    283.051 0.0444697311  
     15200    282.917 0.0443280919  
     15250    282.782 0.0441864704  
     15300    282.648 0.0440448671  
     15350    282.513 0.0439032820  
     15400    282.379 0.0437617153  
     15450    282.244 0.0436201674  
     15500    282.109 0.0434786384  
     15550    281.975 0.0433371286  
     15600    281.840 0.0431956382  
     15650    281.705 0.0430541673  
     15700    281.570 0.0429127163  
     15750    281.435 0.0427712854  
     15800    281.300 0.0426298749  
     15850    281.165 0.0424884848  
     15900    281.030 0.0423471156  
     15950    280.895 0.0422057674  
     16000    280.760 0.0420644405  
     16050    280.625 0.0419231351  
     16100    280.489 0.0417818515  
     16150    280.354 0.0416405899  
     16200    280.219 0.0414993505  
     16250    280.083 0.0413581337  
     16300    279.948 0.0412169397  
     16350    279.812 0.0410757687  
     16400    279.676 0.0409346210  
     16450    279.541 0.0407934969  
     16500    279.405 0.0406523966  
     16550    279.269 0.0405113204  
     16600    279.133 0.0403702685  
     16650    278.997 0.0402292413  
     16700    278.862 0.0400882390  
     16750    278.725 0.0399472618  
     16800    278.589 0.0398063101  
     16850    278.453 0.0396653842  
     16900    278.317 0.0395244842  
     16950    278.181 0.0393836106  
     17000    278.044 0.0392427636  
     17050    277.908 0.0391019434  
     17100    277.771 0.0389611504  
     17150    277.635 0.0388203848  
     17200    277.498 0.0386796471  
     17250    277.361 0.0385389373  
     17300    277.225 0.0383982560  
     17350    277.088 0.0382576033  
     17400    276.951 0.0381169796  
     17450    276.814 0.0379763851  
     17500    276.677 0.0378358203  
     17550    276.540 0.0376952854  
     17600    276.402 0.0375547807  
     17650    276.265 0.0374143066  
     17700    276.128 0.0372738633  
     17750    275.990 0.0371334512  
     17800    275.853 0.0369930707  
     17850    275.715 0.0368527221  
     17900    275.577 0.0367124056  
     17950    275.440 0.0365721217  
     18000    275.302 0.0364318707  
