Moist adiabatic profiles SST=308 
 z(m)  T(K)  qv(kg/kg) 
         0    307.000 0.0274229040  
        50    306.511 0.0274229040  
       100    306.023 0.0274229040  
       150    305.534 0.0274229040  
       200    305.046 0.0274229040  
       250    304.557 0.0274229040  
       300    304.069 0.0274229040  
       350    303.580 0.0274229040  
       400    303.092 0.0274229040  
       450    302.603 0.0274229040  
       500    302.237 0.0273739065  
       550    302.063 0.0272481306  
       600    301.889 0.0271224177  
       650    301.714 0.0269967682  
       700    301.540 0.0268711829  
       750    301.365 0.0267456623  
       800    301.190 0.0266202072  
       850    301.015 0.0264948181  
       900    300.840 0.0263694957  
       950    300.665 0.0262442407  
      1000    300.489 0.0261190537  
      1050    300.314 0.0259939354  
      1100    300.138 0.0258688866  
      1150    299.962 0.0257439078  
      1200    299.785 0.0256189998  
      1250    299.609 0.0254941633  
      1300    299.432 0.0253693990  
      1350    299.256 0.0252447076  
      1400    299.079 0.0251200898  
      1450    298.902 0.0249955463  
      1500    298.724 0.0248710780  
      1550    298.547 0.0247466855  
      1600    298.369 0.0246223696  
      1650    298.191 0.0244981311  
      1700    298.013 0.0243739707  
      1750    297.835 0.0242498892  
      1800    297.656 0.0241258874  
      1850    297.478 0.0240019661  
      1900    297.299 0.0238781261  
      1950    297.120 0.0237543682  
      2000    296.940 0.0236306932  
      2050    296.761 0.0235071019  
      2100    296.581 0.0233835953  
      2150    296.401 0.0232601740  
      2200    296.221 0.0231368391  
      2250    296.040 0.0230135913  
      2300    295.860 0.0228904315  
      2350    295.679 0.0227673607  
      2400    295.498 0.0226443796  
      2450    295.317 0.0225214892  
      2500    295.135 0.0223986905  
      2550    294.954 0.0222759843  
      2600    294.772 0.0221533715  
      2650    294.589 0.0220308532  
      2700    294.407 0.0219084302  
      2750    294.224 0.0217861036  
      2800    294.041 0.0216638742  
      2850    293.858 0.0215417432  
      2900    293.675 0.0214197114  
      2950    293.491 0.0212977799  
      3000    293.307 0.0211759497  
      3050    293.123 0.0210542218  
      3100    292.939 0.0209325973  
      3150    292.754 0.0208110773  
      3200    292.569 0.0206896627  
      3250    292.384 0.0205683547  
      3300    292.198 0.0204471544  
      3350    292.012 0.0203260628  
      3400    291.826 0.0202050811  
      3450    291.640 0.0200842103  
      3500    291.453 0.0199634518  
      3550    291.267 0.0198428065  
      3600    291.079 0.0197222756  
      3650    290.892 0.0196018604  
      3700    290.704 0.0194815621  
      3750    290.516 0.0193613817  
      3800    290.328 0.0192413207  
      3850    290.139 0.0191213801  
      3900    289.950 0.0190015613  
      3950    289.761 0.0188818655  
      4000    289.571 0.0187622939  
      4050    289.381 0.0186428480  
      4100    289.191 0.0185235290  
      4150    289.001 0.0184043381  
      4200    288.810 0.0182852769  
      4250    288.619 0.0181663465  
      4300    288.427 0.0180475485  
      4350    288.235 0.0179288842  
      4400    288.043 0.0178103549  
      4450    287.851 0.0176919622  
      4500    287.658 0.0175737074  
      4550    287.465 0.0174555920  
      4600    287.271 0.0173376176  
      4650    287.077 0.0172197855  
      4700    286.883 0.0171020973  
      4750    286.688 0.0169845546  
      4800    286.493 0.0168671589  
      4850    286.298 0.0167499117  
      4900    286.102 0.0166328147  
      4950    285.906 0.0165158694  
      5000    285.709 0.0163990776  
      5050    285.512 0.0162824407  
      5100    285.315 0.0161659606  
      5150    285.117 0.0160496389  
      5200    284.919 0.0159334773  
      5250    284.721 0.0158174775  
      5300    284.522 0.0157016413  
      5350    284.323 0.0155859705  
      5400    284.123 0.0154704669  
      5450    283.923 0.0153551323  
      5500    283.722 0.0152399685  
      5550    283.521 0.0151249775  
      5600    283.320 0.0150101611  
      5650    283.118 0.0148955212  
      5700    282.915 0.0147810597  
      5750    282.713 0.0146667787  
      5800    282.509 0.0145526801  
      5850    282.306 0.0144387660  
      5900    282.101 0.0143250384  
      5950    281.897 0.0142114993  
      6000    281.692 0.0140981509  
      6050    281.486 0.0139849953  
      6100    281.280 0.0138720346  
      6150    281.073 0.0137592727  
      6200    280.866 0.0136467100  
      6250    280.659 0.0135343489  
      6300    280.451 0.0134221915  
      6350    280.242 0.0133102401  
      6400    280.033 0.0131984971  
      6450    279.823 0.0130869649  
      6500    279.613 0.0129756458  
      6550    279.402 0.0128645423  
      6600    279.191 0.0127536567  
      6650    278.979 0.0126429917  
      6700    278.767 0.0125325497  
      6750    278.554 0.0124223332  
      6800    278.340 0.0123123449  
      6850    278.126 0.0122025874  
      6900    277.911 0.0120930633  
      6950    277.696 0.0119837753  
      7000    277.480 0.0118747261  
      7050    277.264 0.0117659186  
      7100    277.047 0.0116573554  
      7150    276.829 0.0115490395  
      7200    276.611 0.0114409737  
      7250    276.392 0.0113331609  
      7300    276.172 0.0112256041  
      7350    275.952 0.0111183063  
      7400    275.731 0.0110112704  
      7450    275.509 0.0109044996  
      7500    275.287 0.0107979970  
      7550    275.064 0.0106917656  
      7600    274.841 0.0105858088  
      7650    274.616 0.0104801297  
      7700    274.391 0.0103747317  
      7750    274.166 0.0102696180  
      7800    273.939 0.0101647920  
      7850    273.712 0.0100602571  
      7900    273.484 0.0099560168  
      7950    273.255 0.0098520746  
      8000    273.039 0.0097575558  
      8050    272.831 0.0096697758  
      8100    272.624 0.0095822161  
      8150    272.416 0.0094948802  
      8200    272.208 0.0094077713  
      8250    272.001 0.0093208928  
      8300    271.793 0.0092342478  
      8350    271.586 0.0091478395  
      8400    271.378 0.0090616712  
      8450    271.171 0.0089757460  
      8500    270.963 0.0088900670  
      8550    270.756 0.0088046374  
      8600    270.548 0.0087194601  
      8650    270.340 0.0086345383  
      8700    270.132 0.0085498750  
      8750    269.925 0.0084654732  
      8800    269.717 0.0083813360  
      8850    269.509 0.0082974662  
      8900    269.301 0.0082138670  
      8950    269.093 0.0081305411  
      9000    268.884 0.0080474917  
      9050    268.676 0.0079647215  
      9100    268.468 0.0078822336  
      9150    268.259 0.0078000308  
      9200    268.050 0.0077181160  
      9250    267.841 0.0076364922  
      9300    267.632 0.0075551622  
      9350    267.423 0.0074741289  
      9400    267.214 0.0073933951  
      9450    267.004 0.0073129638  
      9500    266.795 0.0072328377  
      9550    266.585 0.0071530198  
      9600    266.375 0.0070735129  
      9650    266.165 0.0069943199  
      9700    265.954 0.0069154436  
      9750    265.743 0.0068368868  
      9800    265.533 0.0067586524  
      9850    265.321 0.0066807432  
      9900    265.110 0.0066031622  
      9950    264.898 0.0065259121  
     10000    264.687 0.0064489958  
     10050    264.475 0.0063724161  
     10100    264.262 0.0062961760  
     10150    264.049 0.0062202782  
     10200    263.837 0.0061447256  
     10250    263.623 0.0060695211  
     10300    263.410 0.0059946675  
     10350    263.196 0.0059201678  
     10400    262.982 0.0058460247  
     10450    262.767 0.0057722412  
     10500    262.553 0.0056988201  
     10550    262.338 0.0056257644  
     10600    262.122 0.0055530769  
     10650    261.906 0.0054807605  
     10700    261.690 0.0054088181  
     10750    261.474 0.0053372526  
     10800    261.257 0.0052660669  
     10850    261.039 0.0051952640  
     10900    260.822 0.0051248468  
     10950    260.604 0.0050548181  
     11000    260.385 0.0049851810  
     11050    260.166 0.0049159382  
     11100    259.947 0.0048470929  
     11150    259.727 0.0047786479  
     11200    259.507 0.0047106061  
     11250    259.287 0.0046429705  
     11300    259.066 0.0045757442  
     11350    258.844 0.0045089299  
     11400    258.622 0.0044425307  
     11450    258.400 0.0043765495  
     11500    258.177 0.0043109893  
     11550    257.953 0.0042458531  
     11600    257.729 0.0041811438  
     11650    257.505 0.0041168644  
     11700    257.280 0.0040530178  
     11750    257.054 0.0039896070  
     11800    256.828 0.0039266349  
     11850    256.602 0.0038641046  
     11900    256.375 0.0038020189  
     11950    256.147 0.0037403808  
     12000    255.919 0.0036791933  
     12050    255.690 0.0036184592  
     12100    255.461 0.0035581816  
     12150    255.231 0.0034983633  
     12200    255.000 0.0034390072  
     12250    254.769 0.0033801162  
     12300    254.537 0.0033216933  
     12350    254.305 0.0032637412  
     12400    254.072 0.0032062629  
     12450    253.838 0.0031492612  
     12500    253.604 0.0030927389  
     12550    253.369 0.0030366988  
     12600    253.126 0.0029798883  
     12650    252.824 0.0029139887  
     12700    252.520 0.0028488119  
     12750    252.214 0.0027843650  
     12800    251.906 0.0027206551  
     12850    251.595 0.0026576891  
     12900    251.283 0.0025954739  
     12950    250.969 0.0025340162  
     13000    250.652 0.0024733227  
     13050    250.333 0.0024133999  
     13100    250.012 0.0023542540  
     13150    249.689 0.0022958912  
     13200    249.364 0.0022383174  
     13250    249.036 0.0021815385  
     13300    248.706 0.0021255600  
     13350    248.374 0.0020703872  
     13400    248.039 0.0020160253  
     13450    247.702 0.0019624791  
     13500    247.363 0.0019097532  
     13550    247.022 0.0018578519  
     13600    246.678 0.0018067793  
     13650    246.331 0.0017565392  
     13700    245.983 0.0017071348  
     13750    245.632 0.0016585693  
     13800    245.278 0.0016108455  
     13850    244.923 0.0015639657  
     13900    244.565 0.0015179318  
     13950    244.204 0.0014727456  
     14000    243.841 0.0014284083  
     14050    243.476 0.0013849206  
     14100    243.108 0.0013422829  
     14150    242.738 0.0013004953  
     14200    242.365 0.0012595572  
     14250    241.990 0.0012194678  
     14300    241.613 0.0011802256  
     14350    241.233 0.0011418288  
     14400    240.851 0.0011042752  
     14450    240.466 0.0010675619  
     14500    240.079 0.0010316856  
     14550    239.690 0.0009966427  
     14600    239.299 0.0009624289  
     14650    238.905 0.0009290395  
     14700    238.508 0.0008964693  
     14750    238.110 0.0008647127  
     14800    237.709 0.0008337635  
     14850    237.306 0.0008036152  
     14900    236.900 0.0007742606  
     14950    236.493 0.0007456922  
     15000    236.083 0.0007179021  
     15050    235.671 0.0006908818  
     15100    235.257 0.0006646226  
     15150    234.840 0.0006391151  
     15200    234.422 0.0006143498  
     15250    234.001 0.0005903165  
     15300    233.579 0.0005670049  
     15350    233.154 0.0005444043  
     15400    232.728 0.0005225035  
     15450    232.299 0.0005012912  
     15500    231.869 0.0004807557  
     15550    231.437 0.0004608850  
     15600    231.003 0.0004416669  
     15650    230.567 0.0004230890  
     15700    230.129 0.0004051385  
     15750    229.690 0.0003878028  
     15800    229.249 0.0003710686  
     15850    228.806 0.0003549230  
     15900    228.361 0.0003393526  
     15950    227.915 0.0003243442  
     16000    227.468 0.0003098841  
     16050    227.019 0.0002959590  
     16100    226.568 0.0002825553  
     16150    226.116 0.0002696596  
     16200    225.663 0.0002572582  
     16250    225.208 0.0002453377  
     16300    224.752 0.0002338846  
     16350    224.294 0.0002228856  
     16400    223.836 0.0002123275  
     16450    223.376 0.0002021969  
     16500    222.915 0.0001924810  
     16550    222.453 0.0001831667  
     16600    221.989 0.0001742413  
     16650    221.525 0.0001656923  
     16700    221.060 0.0001575071  
     16750    220.593 0.0001496736  
     16800    220.126 0.0001421798  
     16850    219.658 0.0001350139  
     16900    219.189 0.0001281642  
     16950    218.719 0.0001216195  
     17000    218.248 0.0001153686  
     17050    217.776 0.0001094007  
     17100    217.304 0.0001037051  
     17150    216.831 0.0000982716  
     17200    216.357 0.0000930900  
     17250    215.882 0.0000881504  
     17300    215.407 0.0000834434  
     17350    214.931 0.0000789596  
     17400    214.455 0.0000746901  
     17450    213.978 0.0000706260  
     17500    213.500 0.0000667589  
     17550    213.022 0.0000630805  
     17600    212.543 0.0000595830  
     17650    212.064 0.0000562586  
     17700    211.584 0.0000530999  
     17750    211.104 0.0000500998  
     17800    210.624 0.0000472514  
     17850    210.143 0.0000445480  
     17900    209.662 0.0000419832  
     17950    209.180 0.0000395508  
     18000    208.698 0.0000372449  
