Moist adiabatic profiles SST=330 
 z(m)  T(K)  qv(kg/kg) 
         0    329.000 0.0964408930  
        50    328.511 0.0964408930  
       100    328.023 0.0964408930  
       150    327.534 0.0964408930  
       200    327.046 0.0964408930  
       250    326.557 0.0964408930  
       300    326.069 0.0964408930  
       350    325.580 0.0964408930  
       400    325.092 0.0964408930  
       450    324.603 0.0964408930  
       500    324.115 0.0964408930  
       550    323.873 0.0963421761  
       600    323.740 0.0961998970  
       650    323.607 0.0960576040  
       700    323.475 0.0959152972  
       750    323.342 0.0957729765  
       800    323.209 0.0956306421  
       850    323.077 0.0954882940  
       900    322.944 0.0953459321  
       950    322.812 0.0952035566  
      1000    322.679 0.0950611675  
      1050    322.547 0.0949187647  
      1100    322.414 0.0947763485  
      1150    322.282 0.0946339187  
      1200    322.150 0.0944914754  
      1250    322.017 0.0943490188  
      1300    321.885 0.0942065487  
      1350    321.753 0.0940640653  
      1400    321.621 0.0939215685  
      1450    321.488 0.0937790585  
      1500    321.356 0.0936365352  
      1550    321.224 0.0934939988  
      1600    321.092 0.0933514492  
      1650    320.960 0.0932088864  
      1700    320.828 0.0930663106  
      1750    320.696 0.0929237218  
      1800    320.564 0.0927811199  
      1850    320.432 0.0926385051  
      1900    320.300 0.0924958774  
      1950    320.168 0.0923532368  
      2000    320.036 0.0922105833  
      2050    319.905 0.0920679170  
      2100    319.773 0.0919252380  
      2150    319.641 0.0917825463  
      2200    319.509 0.0916398418  
      2250    319.378 0.0914971248  
      2300    319.246 0.0913543951  
      2350    319.115 0.0912116529  
      2400    318.983 0.0910688982  
      2450    318.851 0.0909261310  
      2500    318.720 0.0907833513  
      2550    318.588 0.0906405593  
      2600    318.457 0.0904977549  
      2650    318.326 0.0903549382  
      2700    318.194 0.0902121093  
      2750    318.063 0.0900692681  
      2800    317.931 0.0899264148  
      2850    317.800 0.0897835493  
      2900    317.669 0.0896406717  
      2950    317.538 0.0894977820  
      3000    317.406 0.0893548803  
      3050    317.275 0.0892119667  
      3100    317.144 0.0890690412  
      3150    317.013 0.0889261037  
      3200    316.882 0.0887831544  
      3250    316.751 0.0886401934  
      3300    316.620 0.0884972205  
      3350    316.489 0.0883542360  
      3400    316.358 0.0882112398  
      3450    316.227 0.0880682320  
      3500    316.096 0.0879252126  
      3550    315.965 0.0877821816  
      3600    315.834 0.0876391392  
      3650    315.703 0.0874960854  
      3700    315.573 0.0873530201  
      3750    315.442 0.0872099435  
      3800    315.311 0.0870668556  
      3850    315.180 0.0869237564  
      3900    315.050 0.0867806460  
      3950    314.919 0.0866375244  
      4000    314.788 0.0864943917  
      4050    314.658 0.0863512479  
      4100    314.527 0.0862080931  
      4150    314.397 0.0860649273  
      4200    314.266 0.0859217505  
      4250    314.136 0.0857785629  
      4300    314.005 0.0856353644  
      4350    313.875 0.0854921551  
      4400    313.744 0.0853489350  
      4450    313.614 0.0852057042  
      4500    313.483 0.0850624628  
      4550    313.353 0.0849192108  
      4600    313.223 0.0847759482  
      4650    313.093 0.0846326750  
      4700    312.962 0.0844893914  
      4750    312.832 0.0843460974  
      4800    312.702 0.0842027930  
      4850    312.572 0.0840594783  
      4900    312.442 0.0839161533  
      4950    312.311 0.0837728181  
      5000    312.181 0.0836294726  
      5050    312.051 0.0834861171  
      5100    311.921 0.0833427515  
      5150    311.791 0.0831993758  
      5200    311.661 0.0830559902  
      5250    311.531 0.0829125946  
      5300    311.401 0.0827691892  
      5350    311.271 0.0826257739  
      5400    311.141 0.0824823489  
      5450    311.011 0.0823389141  
      5500    310.882 0.0821954696  
      5550    310.752 0.0820520155  
      5600    310.622 0.0819085518  
      5650    310.492 0.0817650786  
      5700    310.362 0.0816215960  
      5750    310.233 0.0814781039  
      5800    310.103 0.0813346024  
      5850    309.973 0.0811910916  
      5900    309.844 0.0810475716  
      5950    309.714 0.0809040423  
      6000    309.584 0.0807605039  
      6050    309.455 0.0806169564  
      6100    309.325 0.0804733998  
      6150    309.196 0.0803298342  
      6200    309.066 0.0801862597  
      6250    308.937 0.0800426762  
      6300    308.807 0.0798990840  
      6350    308.678 0.0797554829  
      6400    308.548 0.0796118731  
      6450    308.419 0.0794682547  
      6500    308.289 0.0793246276  
      6550    308.160 0.0791809920  
      6600    308.031 0.0790373478  
      6650    307.901 0.0788936952  
      6700    307.772 0.0787500342  
      6750    307.643 0.0786063649  
      6800    307.513 0.0784626872  
      6850    307.384 0.0783190014  
      6900    307.255 0.0781753073  
      6950    307.126 0.0780316052  
      7000    306.996 0.0778878949  
      7050    306.867 0.0777441767  
      7100    306.738 0.0776004506  
      7150    306.609 0.0774567165  
      7200    306.480 0.0773129746  
      7250    306.351 0.0771692250  
      7300    306.222 0.0770254676  
      7350    306.093 0.0768817026  
      7400    305.964 0.0767379300  
      7450    305.835 0.0765941499  
      7500    305.706 0.0764503623  
      7550    305.577 0.0763065672  
      7600    305.448 0.0761627648  
      7650    305.319 0.0760189552  
      7700    305.190 0.0758751382  
      7750    305.061 0.0757313142  
      7800    304.932 0.0755874830  
      7850    304.803 0.0754436447  
      7900    304.674 0.0752997995  
      7950    304.545 0.0751559473  
      8000    304.416 0.0750120883  
      8050    304.288 0.0748682224  
      8100    304.159 0.0747243499  
      8150    304.030 0.0745804706  
      8200    303.901 0.0744365847  
      8250    303.773 0.0742926923  
      8300    303.644 0.0741487934  
      8350    303.515 0.0740048881  
      8400    303.386 0.0738609764  
      8450    303.258 0.0737170584  
      8500    303.129 0.0735731342  
      8550    303.000 0.0734292038  
      8600    302.872 0.0732852674  
      8650    302.743 0.0731413249  
      8700    302.615 0.0729973764  
      8750    302.486 0.0728534220  
      8800    302.357 0.0727094618  
      8850    302.229 0.0725654958  
      8900    302.100 0.0724215242  
      8950    301.972 0.0722775469  
      9000    301.843 0.0721335640  
      9050    301.715 0.0719895756  
      9100    301.586 0.0718455818  
      9150    301.458 0.0717015827  
      9200    301.329 0.0715575783  
      9250    301.201 0.0714135686  
      9300    301.072 0.0712695538  
      9350    300.944 0.0711255339  
      9400    300.816 0.0709815090  
      9450    300.687 0.0708374792  
      9500    300.559 0.0706934445  
      9550    300.430 0.0705494050  
      9600    300.302 0.0704053607  
      9650    300.174 0.0702613119  
      9700    300.045 0.0701172584  
      9750    299.917 0.0699732004  
      9800    299.789 0.0698291380  
      9850    299.660 0.0696850713  
      9900    299.532 0.0695410002  
      9950    299.404 0.0693969249  
     10000    299.276 0.0692528455  
     10050    299.147 0.0691087620  
     10100    299.019 0.0689646746  
     10150    298.891 0.0688205832  
     10200    298.762 0.0686764880  
     10250    298.634 0.0685323890  
     10300    298.506 0.0683882864  
     10350    298.378 0.0682441801  
     10400    298.250 0.0681000703  
     10450    298.121 0.0679559570  
     10500    297.993 0.0678118404  
     10550    297.865 0.0676677205  
     10600    297.737 0.0675235973  
     10650    297.609 0.0673794711  
     10700    297.481 0.0672353417  
     10750    297.352 0.0670912094  
     10800    297.224 0.0669470742  
     10850    297.096 0.0668029362  
     10900    296.968 0.0666587954  
     10950    296.840 0.0665146520  
     11000    296.712 0.0663705060  
     11050    296.584 0.0662263575  
     11100    296.456 0.0660822066  
     11150    296.327 0.0659380534  
     11200    296.199 0.0657938979  
     11250    296.071 0.0656497403  
     11300    295.943 0.0655055807  
     11350    295.815 0.0653614190  
     11400    295.687 0.0652172554  
     11450    295.559 0.0650730900  
     11500    295.431 0.0649289229  
     11550    295.303 0.0647847542  
     11600    295.175 0.0646405839  
     11650    295.047 0.0644964121  
     11700    294.919 0.0643522390  
     11750    294.791 0.0642080645  
     11800    294.663 0.0640638889  
     11850    294.535 0.0639197122  
     11900    294.407 0.0637755344  
     11950    294.278 0.0636313557  
     12000    294.150 0.0634871762  
     12050    294.022 0.0633429959  
     12100    293.894 0.0631988149  
     12150    293.766 0.0630546334  
     12200    293.638 0.0629104515  
     12250    293.510 0.0627662691  
     12300    293.382 0.0626220865  
     12350    293.254 0.0624779037  
     12400    293.126 0.0623337208  
     12450    292.998 0.0621895379  
     12500    292.870 0.0620453551  
     12550    292.742 0.0619011724  
     12600    292.614 0.0617569901  
     12650    292.486 0.0616128082  
     12700    292.358 0.0614686267  
     12750    292.230 0.0613244459  
     12800    292.102 0.0611802657  
     12850    291.974 0.0610360863  
     12900    291.846 0.0608919078  
     12950    291.718 0.0607477303  
     13000    291.590 0.0606035539  
     13050    291.462 0.0604593786  
     13100    291.334 0.0603152047  
     13150    291.206 0.0601710321  
     13200    291.078 0.0600268611  
     13250    290.950 0.0598826917  
     13300    290.822 0.0597385239  
     13350    290.693 0.0595943580  
     13400    290.565 0.0594501940  
     13450    290.437 0.0593060320  
     13500    290.309 0.0591618722  
     13550    290.181 0.0590177146  
     13600    290.053 0.0588735594  
     13650    289.925 0.0587294066  
     13700    289.797 0.0585852564  
     13750    289.669 0.0584411088  
     13800    289.541 0.0582969641  
     13850    289.412 0.0581528223  
     13900    289.284 0.0580086834  
     13950    289.156 0.0578645478  
     14000    289.028 0.0577204153  
     14050    288.900 0.0575762862  
     14100    288.772 0.0574321606  
     14150    288.644 0.0572880386  
     14200    288.515 0.0571439203  
     14250    288.387 0.0569998058  
     14300    288.259 0.0568556952  
     14350    288.131 0.0567115887  
     14400    288.002 0.0565674864  
     14450    287.874 0.0564233884  
     14500    287.746 0.0562792948  
     14550    287.618 0.0561352058  
     14600    287.489 0.0559911214  
     14650    287.361 0.0558470418  
     14700    287.233 0.0557029671  
     14750    287.105 0.0555588974  
     14800    286.976 0.0554148329  
     14850    286.848 0.0552707737  
     14900    286.720 0.0551267199  
     14950    286.591 0.0549826717  
     15000    286.463 0.0548386291  
     15050    286.334 0.0546945923  
     15100    286.206 0.0545505614  
     15150    286.078 0.0544065366  
     15200    285.949 0.0542625180  
     15250    285.821 0.0541185057  
     15300    285.692 0.0539744999  
     15350    285.564 0.0538305007  
     15400    285.435 0.0536865082  
     15450    285.307 0.0535425225  
     15500    285.178 0.0533985439  
     15550    285.050 0.0532545724  
     15600    284.921 0.0531106082  
     15650    284.792 0.0529666514  
     15700    284.664 0.0528227021  
     15750    284.535 0.0526787606  
     15800    284.407 0.0525348269  
     15850    284.278 0.0523909011  
     15900    284.149 0.0522469835  
     15950    284.020 0.0521030742  
     16000    283.892 0.0519591733  
     16050    283.763 0.0518152810  
     16100    283.634 0.0516713973  
     16150    283.505 0.0515275226  
     16200    283.377 0.0513836568  
     16250    283.248 0.0512398002  
     16300    283.119 0.0510959530  
     16350    282.990 0.0509521152  
     16400    282.861 0.0508082870  
     16450    282.732 0.0506644686  
     16500    282.603 0.0505206602  
     16550    282.474 0.0503768618  
     16600    282.345 0.0502330737  
     16650    282.216 0.0500892960  
     16700    282.087 0.0499455289  
     16750    281.958 0.0498017725  
     16800    281.829 0.0496580270  
     16850    281.700 0.0495142925  
     16900    281.570 0.0493705693  
     16950    281.441 0.0492268575  
     17000    281.312 0.0490831572  
     17050    281.183 0.0489394687  
     17100    281.053 0.0487957920  
     17150    280.924 0.0486521275  
     17200    280.795 0.0485084751  
     17250    280.665 0.0483648352  
     17300    280.536 0.0482212079  
     17350    280.406 0.0480775933  
     17400    280.277 0.0479339917  
     17450    280.147 0.0477904032  
     17500    280.018 0.0476468280  
     17550    279.888 0.0475032663  
     17600    279.759 0.0473597182  
     17650    279.629 0.0472161840  
     17700    279.499 0.0470726639  
     17750    279.370 0.0469291579  
     17800    279.240 0.0467856664  
     17850    279.110 0.0466421894  
     17900    278.980 0.0464987272  
     17950    278.850 0.0463552801  
     18000    278.721 0.0462118480  
