Moist adiabatic profiles SST=300 
 z(m)  T(K)  qv(kg/kg) 
         0    299.000 0.0169700222  
        50    298.511 0.0169700222  
       100    298.023 0.0169700222  
       150    297.534 0.0169700222  
       200    297.046 0.0169700222  
       250    296.557 0.0169700222  
       300    296.069 0.0169700222  
       350    295.580 0.0169700222  
       400    295.092 0.0169700222  
       450    294.603 0.0169700222  
       500    294.360 0.0168719533  
       550    294.157 0.0167575254  
       600    293.955 0.0166432442  
       650    293.751 0.0165291114  
       700    293.548 0.0164151285  
       750    293.344 0.0163012971  
       800    293.140 0.0161876187  
       850    292.935 0.0160740949  
       900    292.730 0.0159607274  
       950    292.524 0.0158475178  
      1000    292.318 0.0157344678  
      1050    292.112 0.0156215789  
      1100    291.906 0.0155088546  
      1150    291.698 0.0153962949  
      1200    291.491 0.0152839015  
      1250    291.283 0.0151716762  
      1300    291.075 0.0150596208  
      1350    290.866 0.0149477370  
      1400    290.657 0.0148360268  
      1450    290.447 0.0147244919  
      1500    290.237 0.0146131342  
      1550    290.026 0.0145019557  
      1600    289.815 0.0143909581  
      1650    289.604 0.0142801436  
      1700    289.392 0.0141695140  
      1750    289.179 0.0140590713  
      1800    288.967 0.0139488176  
      1850    288.753 0.0138387549  
      1900    288.539 0.0137288852  
      1950    288.325 0.0136192107  
      2000    288.110 0.0135097334  
      2050    287.895 0.0134004555  
      2100    287.679 0.0132913791  
      2150    287.463 0.0131825065  
      2200    287.246 0.0130738399  
      2250    287.029 0.0129653815  
      2300    286.811 0.0128571336  
      2350    286.592 0.0127490985  
      2400    286.373 0.0126412786  
      2450    286.154 0.0125336761  
      2500    285.934 0.0124262935  
      2550    285.713 0.0123191333  
      2600    285.492 0.0122121978  
      2650    285.270 0.0121054896  
      2700    285.048 0.0119990111  
      2750    284.825 0.0118927650  
      2800    284.602 0.0117867537  
      2850    284.378 0.0116809799  
      2900    284.153 0.0115754462  
      2950    283.928 0.0114701554  
      3000    283.702 0.0113651101  
      3050    283.475 0.0112603130  
      3100    283.248 0.0111557670  
      3150    283.020 0.0110514748  
      3200    282.792 0.0109474393  
      3250    282.563 0.0108436634  
      3300    282.333 0.0107401500  
      3350    282.103 0.0106369020  
      3400    281.872 0.0105339225  
      3450    281.640 0.0104312144  
      3500    281.408 0.0103287808  
      3550    281.175 0.0102266249  
      3600    280.941 0.0101247497  
      3650    280.706 0.0100231585  
      3700    280.471 0.0099218544  
      3750    280.235 0.0098208408  
      3800    279.998 0.0097201208  
      3850    279.761 0.0096196980  
      3900    279.523 0.0095195756  
      3950    279.284 0.0094197570  
      4000    279.044 0.0093202457  
      4050    278.803 0.0092210453  
      4100    278.562 0.0091221592  
      4150    278.320 0.0090235911  
      4200    278.077 0.0089253446  
      4250    277.833 0.0088274233  
      4300    277.589 0.0087298310  
      4350    277.344 0.0086325715  
      4400    277.097 0.0085356484  
      4450    276.850 0.0084390658  
      4500    276.602 0.0083428275  
      4550    276.354 0.0082469373  
      4600    276.104 0.0081513994  
      4650    275.853 0.0080562177  
      4700    275.602 0.0079613964  
      4750    275.350 0.0078669394  
      4800    275.096 0.0077728511  
      4850    274.842 0.0076791355  
      4900    274.587 0.0075857970  
      4950    274.331 0.0074928399  
      5000    274.074 0.0074002685  
      5050    273.816 0.0073080873  
      5100    273.557 0.0072163005  
      5150    273.297 0.0071249129  
      5200    273.044 0.0070382252  
      5250    272.800 0.0069565905  
      5300    272.556 0.0068752602  
      5350    272.313 0.0067942393  
      5400    272.068 0.0067135324  
      5450    271.824 0.0066331442  
      5500    271.580 0.0065530794  
      5550    271.336 0.0064733424  
      5600    271.091 0.0063939379  
      5650    270.846 0.0063148704  
      5700    270.601 0.0062361443  
      5750    270.356 0.0061577640  
      5800    270.111 0.0060797340  
      5850    269.865 0.0060020586  
      5900    269.619 0.0059247422  
      5950    269.373 0.0058477890  
      6000    269.127 0.0057712034  
      6050    268.880 0.0056949895  
      6100    268.633 0.0056191517  
      6150    268.386 0.0055436941  
      6200    268.138 0.0054686209  
      6250    267.890 0.0053939363  
      6300    267.642 0.0053196444  
      6350    267.393 0.0052457493  
      6400    267.144 0.0051722552  
      6450    266.895 0.0050991662  
      6500    266.645 0.0050264863  
      6550    266.395 0.0049542196  
      6600    266.145 0.0048823702  
      6650    265.894 0.0048109420  
      6700    265.643 0.0047399391  
      6750    265.391 0.0046693655  
      6800    265.138 0.0045992252  
      6850    264.886 0.0045295221  
      6900    264.632 0.0044602603  
      6950    264.379 0.0043914437  
      7000    264.125 0.0043230762  
      7050    263.870 0.0042551617  
      7100    263.615 0.0041877042  
      7150    263.359 0.0041207075  
      7200    263.102 0.0040541756  
      7250    262.846 0.0039881122  
      7300    262.588 0.0039225214  
      7350    262.330 0.0038574068  
      7400    262.071 0.0037927724  
      7450    261.812 0.0037286219  
      7500    261.552 0.0036649591  
      7550    261.292 0.0036017878  
      7600    261.030 0.0035391117  
      7650    260.768 0.0034769346  
      7700    260.506 0.0034152602  
      7750    260.243 0.0033540921  
      7800    259.979 0.0032934340  
      7850    259.714 0.0032332896  
      7900    259.449 0.0031736624  
      7950    259.183 0.0031145561  
      8000    258.916 0.0030559741  
      8050    258.649 0.0029979201  
      8100    258.380 0.0029403974  
      8150    258.111 0.0028834095  
      8200    257.841 0.0028269598  
      8250    257.571 0.0027710517  
      8300    257.299 0.0027156884  
      8350    257.027 0.0026608734  
      8400    256.754 0.0026066097  
      8450    256.480 0.0025529006  
      8500    256.205 0.0024997492  
      8550    255.929 0.0024471585  
      8600    255.653 0.0023951316  
      8650    255.375 0.0023436713  
      8700    255.097 0.0022927807  
      8750    254.817 0.0022424624  
      8800    254.537 0.0021927192  
      8850    254.256 0.0021435539  
      8900    253.974 0.0020949688  
      8950    253.691 0.0020469667  
      9000    253.407 0.0019995499  
      9050    253.114 0.0019520824  
      9100    252.770 0.0019011701  
      9150    252.423 0.0018510410  
      9200    252.075 0.0018016982  
      9250    251.724 0.0017531445  
      9300    251.370 0.0017053826  
      9350    251.015 0.0016584148  
      9400    250.657 0.0016122432  
      9450    250.297 0.0015668693  
      9500    249.935 0.0015222946  
      9550    249.570 0.0014785201  
      9600    249.203 0.0014355464  
      9650    248.834 0.0013933738  
      9700    248.463 0.0013520023  
      9750    248.089 0.0013114315  
      9800    247.713 0.0012716605  
      9850    247.335 0.0012326880  
      9900    246.955 0.0011945127  
      9950    246.572 0.0011571323  
     10000    246.187 0.0011205446  
     10050    245.800 0.0010847466  
     10100    245.411 0.0010497353  
     10150    245.019 0.0010155070  
     10200    244.625 0.0009820576  
     10250    244.229 0.0009493827  
     10300    243.831 0.0009174775  
     10350    243.431 0.0008863367  
     10400    243.028 0.0008559546  
     10450    242.624 0.0008263252  
     10500    242.217 0.0007974421  
     10550    241.808 0.0007692983  
     10600    241.397 0.0007418868  
     10650    240.984 0.0007151998  
     10700    240.569 0.0006892295  
     10750    240.152 0.0006639676  
     10800    239.733 0.0006394054  
     10850    239.313 0.0006155340  
     10900    238.890 0.0005923441  
     10950    238.465 0.0005698262  
     11000    238.038 0.0005479704  
     11050    237.610 0.0005267666  
     11100    237.180 0.0005062043  
     11150    236.747 0.0004862731  
     11200    236.314 0.0004669619  
     11250    235.878 0.0004482599  
     11300    235.441 0.0004301558  
     11350    235.002 0.0004126382  
     11400    234.561 0.0003956955  
     11450    234.119 0.0003793161  
     11500    233.675 0.0003634881  
     11550    233.230 0.0003481998  
     11600    232.783 0.0003334392  
     11650    232.335 0.0003191941  
     11700    231.886 0.0003054526  
     11750    231.435 0.0002922026  
     11800    230.982 0.0002794320  
     11850    230.529 0.0002671286  
     11900    230.074 0.0002552805  
     11950    229.617 0.0002438756  
     12000    229.160 0.0002329018  
     12050    228.701 0.0002223475  
     12100    228.241 0.0002122006  
     12150    227.780 0.0002024495  
     12200    227.318 0.0001930826  
     12250    226.855 0.0001840884  
     12300    226.391 0.0001754556  
     12350    225.926 0.0001671729  
     12400    225.460 0.0001592293  
     12450    224.993 0.0001516139  
     12500    224.525 0.0001443159  
     12550    224.057 0.0001373250  
     12600    223.587 0.0001306306  
     12650    223.117 0.0001242227  
     12700    222.645 0.0001180913  
     12750    222.174 0.0001122266  
     12800    221.701 0.0001066191  
     12850    221.227 0.0001012595  
     12900    220.753 0.0000961386  
     12950    220.279 0.0000912476  
     13000    219.803 0.0000865778  
     13050    219.328 0.0000821208  
     13100    218.851 0.0000778683  
     13150    218.374 0.0000738123  
     13200    217.896 0.0000699451  
     13250    217.418 0.0000662591  
     13300    216.940 0.0000627470  
     13350    216.461 0.0000594018  
     13400    215.981 0.0000562164  
     13450    215.501 0.0000531843  
     13500    215.021 0.0000502991  
     13550    214.540 0.0000475545  
     13600    214.059 0.0000449444  
     13650    213.577 0.0000424632  
     13700    213.095 0.0000401052  
     13750    212.613 0.0000378650  
     13800    212.131 0.0000357374  
     13850    211.648 0.0000337175  
     13900    211.165 0.0000318004  
     13950    210.681 0.0000299815  
     14000    210.198 0.0000282563  
     14050    209.714 0.0000266207  
     14100    209.230 0.0000250705  
     14150    208.745 0.0000236017  
     14200    208.261 0.0000222108  
     14250    207.776 0.0000208939  
     14300    207.291 0.0000196478  
     14350    206.806 0.0000184690  
     14400    206.320 0.0000173545  
     14450    205.835 0.0000163012  
     14500    205.349 0.0000153062  
     14550    204.863 0.0000143668  
     14600    204.377 0.0000134803  
     14650    203.891 0.0000126442  
     14700    203.405 0.0000118561  
     14750    202.918 0.0000111135  
     14800    202.432 0.0000104145  
     14850    201.945 0.0000097567  
     14900    201.458 0.0000091382  
     14950    200.971 0.0000085570  
     15000    200.484 0.0000080112  
     15050    199.997 0.0000074991  
     15100    199.510 0.0000070188  
     15150    199.023 0.0000065688  
     15200    198.535 0.0000061474  
     15250    198.048 0.0000057530  
     15300    197.560 0.0000053841  
     15350    197.073 0.0000050393  
     15400    196.585 0.0000047171  
     15450    196.097 0.0000044162  
     15500    195.610 0.0000041351  
     15550    195.122 0.0000038727  
     15600    194.634 0.0000036276  
     15650    194.146 0.0000033985  
     15700    193.658 0.0000031844  
     15750    193.170 0.0000029838  
     15800    192.682 0.0000027958  
     15850    192.194 0.0000026193  
     15900    191.706 0.0000024530  
     15950    191.218 0.0000022960  
     16000    190.730 0.0000021473  
     16050    190.242 0.0000020060  
     16100    189.754 0.0000018711  
     16150    189.265 0.0000017419  
     16200    188.777 0.0000016176  
     16250    188.289 0.0000014974  
     16300    187.801 0.0000013810  
     16350    187.313 0.0000012678  
     16400    186.824 0.0000011576  
     16450    186.336 0.0000010501  
     16500    185.848 0.0000009454  
     16550    185.360 0.0000008437  
     16600    184.871 0.0000008078  
     16650    184.383 0.0000007590  
     16700    183.894 0.0000007114  
     16750    183.406 0.0000006652  
     16800    182.917 0.0000006204  
     16850    182.429 0.0000005769  
     16900    181.941 0.0000005350  
     16950    181.452 0.0000004945  
     17000    180.964 0.0000004556  
     17050    180.475 0.0000004184  
     17100    179.987 0.0000003827  
     17150    179.498 0.0000003489  
     17200    179.010 0.0000003168  
     17250    178.521 0.0000002865  
     17300    178.033 0.0000002582  
     17350    177.545 0.0000002318  
     17400    177.056 0.0000002074  
     17450    176.568 0.0000001851  
     17500    176.079 0.0000001650  
     17550    175.591 0.0000001471  
     17600    175.102 0.0000001315  
     17650    174.614 0.0000001182  
     17700    174.125 0.0000001074  
     17750    173.637 0.0000000991  
     17800    173.148 0.0000000935  
     17850    172.659 0.0000000944  
     17900    172.171 0.0000000954  
     17950    171.682 0.0000000963  
     18000    171.194 0.0000000973  
