Moist adiabatic profiles SST=298 
 z(m)  T(K)  qv(kg/kg) 
         0    297.000 0.0150031159  
        50    296.511 0.0150031159  
       100    296.023 0.0150031159  
       150    295.534 0.0150031159  
       200    295.046 0.0150031159  
       250    294.557 0.0150031159  
       300    294.069 0.0150031159  
       350    293.580 0.0150031159  
       400    293.092 0.0150031159  
       450    292.603 0.0150031159  
       500    292.387 0.0148940929  
       550    292.176 0.0147830647  
       600    291.965 0.0146722118  
       650    291.753 0.0145615361  
       700    291.541 0.0144510394  
       750    291.328 0.0143407237  
       800    291.115 0.0142305908  
       850    290.901 0.0141206428  
       900    290.687 0.0140108815  
       950    290.473 0.0139013091  
      1000    290.258 0.0137919275  
      1050    290.042 0.0136827387  
      1100    289.826 0.0135737449  
      1150    289.610 0.0134649481  
      1200    289.393 0.0133563505  
      1250    289.175 0.0132479542  
      1300    288.957 0.0131397614  
      1350    288.738 0.0130317742  
      1400    288.519 0.0129239950  
      1450    288.300 0.0128164259  
      1500    288.080 0.0127090693  
      1550    287.859 0.0126019274  
      1600    287.638 0.0124950027  
      1650    287.416 0.0123882974  
      1700    287.194 0.0122818140  
      1750    286.971 0.0121755549  
      1800    286.748 0.0120695226  
      1850    286.524 0.0119637195  
      1900    286.299 0.0118581481  
      1950    286.074 0.0117528111  
      2000    285.848 0.0116477110  
      2050    285.622 0.0115428504  
      2100    285.395 0.0114382319  
      2150    285.167 0.0113338583  
      2200    284.939 0.0112297322  
      2250    284.710 0.0111258564  
      2300    284.481 0.0110222337  
      2350    284.251 0.0109188668  
      2400    284.020 0.0108157587  
      2450    283.789 0.0107129122  
      2500    283.556 0.0106103301  
      2550    283.324 0.0105080156  
      2600    283.090 0.0104059715  
      2650    282.856 0.0103042010  
      2700    282.622 0.0102027069  
      2750    282.386 0.0101014926  
      2800    282.150 0.0100005610  
      2850    281.913 0.0098999153  
      2900    281.675 0.0097995589  
      2950    281.437 0.0096994948  
      3000    281.198 0.0095997265  
      3050    280.958 0.0095002573  
      3100    280.718 0.0094010904  
      3150    280.476 0.0093022294  
      3200    280.234 0.0092036777  
      3250    279.991 0.0091054387  
      3300    279.747 0.0090075161  
      3350    279.503 0.0089099133  
      3400    279.258 0.0088126340  
      3450    279.012 0.0087156819  
      3500    278.765 0.0086190606  
      3550    278.517 0.0085227740  
      3600    278.268 0.0084268257  
      3650    278.019 0.0083312196  
      3700    277.768 0.0082359596  
      3750    277.517 0.0081410496  
      3800    277.265 0.0080464936  
      3850    277.012 0.0079522956  
      3900    276.758 0.0078584595  
      3950    276.503 0.0077649896  
      4000    276.247 0.0076718899  
      4050    275.991 0.0075791646  
      4100    275.733 0.0074868179  
      4150    275.474 0.0073948542  
      4200    275.215 0.0073032777  
      4250    274.954 0.0072120928  
      4300    274.693 0.0071213038  
      4350    274.430 0.0070309153  
      4400    274.167 0.0069409317  
      4450    273.902 0.0068513575  
      4500    273.637 0.0067621974  
      4550    273.370 0.0066734559  
      4600    273.106 0.0065867968  
      4650    272.853 0.0065065313  
      4700    272.601 0.0064265880  
      4750    272.349 0.0063469722  
      4800    272.096 0.0062676889  
      4850    271.843 0.0061887432  
      4900    271.590 0.0061101400  
      4950    271.337 0.0060318843  
      5000    271.084 0.0059539809  
      5050    270.831 0.0058764346  
      5100    270.577 0.0057992503  
      5150    270.323 0.0057224327  
      5200    270.068 0.0056459865  
      5250    269.814 0.0055699164  
      5300    269.559 0.0054942270  
      5350    269.304 0.0054189229  
      5400    269.049 0.0053440087  
      5450    268.793 0.0052694889  
      5500    268.537 0.0051953681  
      5550    268.280 0.0051216508  
      5600    268.023 0.0050483414  
      5650    267.766 0.0049754443  
      5700    267.509 0.0049029640  
      5750    267.251 0.0048309048  
      5800    266.992 0.0047592712  
      5850    266.733 0.0046880674  
      5900    266.474 0.0046172978  
      5950    266.214 0.0045469667  
      6000    265.954 0.0044770785  
      6050    265.693 0.0044076372  
      6100    265.432 0.0043386473  
      6150    265.170 0.0042701128  
      6200    264.908 0.0042020381  
      6250    264.645 0.0041344274  
      6300    264.382 0.0040672847  
      6350    264.118 0.0040006142  
      6400    263.854 0.0039344201  
      6450    263.589 0.0038687065  
      6500    263.323 0.0038034774  
      6550    263.057 0.0037387369  
      6600    262.790 0.0036744891  
      6650    262.522 0.0036107380  
      6700    262.254 0.0035474876  
      6750    261.985 0.0034847417  
      6800    261.716 0.0034225045  
      6850    261.446 0.0033607798  
      6900    261.175 0.0032995715  
      6950    260.903 0.0032388834  
      7000    260.631 0.0031787194  
      7050    260.358 0.0031190832  
      7100    260.084 0.0030599787  
      7150    259.809 0.0030014096  
      7200    259.534 0.0029433795  
      7250    259.258 0.0028858920  
      7300    258.981 0.0028289509  
      7350    258.703 0.0027725595  
      7400    258.424 0.0027167216  
      7450    258.145 0.0026614404  
      7500    257.864 0.0026067194  
      7550    257.583 0.0025525620  
      7600    257.301 0.0024989715  
      7650    257.018 0.0024459510  
      7700    256.734 0.0023935038  
      7750    256.449 0.0023416330  
      7800    256.164 0.0022903416  
      7850    255.877 0.0022396326  
      7900    255.589 0.0021895088  
      7950    255.301 0.0021399730  
      8000    255.011 0.0020910281  
      8050    254.721 0.0020426766  
      8100    254.429 0.0019949210  
      8150    254.137 0.0019477638  
      8200    253.843 0.0019012074  
      8250    253.549 0.0018552540  
      8300    253.253 0.0018099057  
      8350    252.919 0.0017626884  
      8400    252.565 0.0017150919  
      8450    252.209 0.0016682800  
      8500    251.851 0.0016222547  
      8550    251.490 0.0015770176  
      8600    251.128 0.0015325700  
      8650    250.763 0.0014889129  
      8700    250.396 0.0014460469  
      8750    250.026 0.0014039723  
      8800    249.655 0.0013626890  
      8850    249.281 0.0013221967  
      8900    248.905 0.0012824945  
      8950    248.527 0.0012435813  
      9000    248.146 0.0012054555  
      9050    247.763 0.0011681151  
      9100    247.378 0.0011315579  
      9150    246.991 0.0010957811  
      9200    246.602 0.0010607816  
      9250    246.210 0.0010265559  
      9300    245.816 0.0009931000  
      9350    245.420 0.0009604098  
      9400    245.022 0.0009284804  
      9450    244.622 0.0008973069  
      9500    244.220 0.0008668836  
      9550    243.815 0.0008372048  
      9600    243.409 0.0008082642  
      9650    243.000 0.0007800551  
      9700    242.589 0.0007525706  
      9750    242.177 0.0007258034  
      9800    241.762 0.0006997457  
      9850    241.345 0.0006743894  
      9900    240.926 0.0006497263  
      9950    240.506 0.0006257477  
     10000    240.083 0.0006024444  
     10050    239.659 0.0005798074  
     10100    239.233 0.0005578269  
     10150    238.804 0.0005364932  
     10200    238.375 0.0005157962  
     10250    237.943 0.0004957256  
     10300    237.509 0.0004762708  
     10350    237.074 0.0004574211  
     10400    236.637 0.0004391656  
     10450    236.199 0.0004214932  
     10500    235.759 0.0004043927  
     10550    235.317 0.0003878527  
     10600    234.874 0.0003718617  
     10650    234.429 0.0003564081  
     10700    233.983 0.0003414803  
     10750    233.535 0.0003270666  
     10800    233.086 0.0003131551  
     10850    232.635 0.0002997340  
     10900    232.184 0.0002867916  
     10950    231.730 0.0002743159  
     11000    231.276 0.0002622953  
     11050    230.820 0.0002507179  
     11100    230.363 0.0002395720  
     11150    229.905 0.0002288459  
     11200    229.446 0.0002185281  
     11250    228.985 0.0002086070  
     11300    228.524 0.0001990713  
     11350    228.061 0.0001899096  
     11400    227.597 0.0001811108  
     11450    227.133 0.0001726639  
     11500    226.667 0.0001645580  
     11550    226.201 0.0001567823  
     11600    225.733 0.0001493263  
     11650    225.265 0.0001421795  
     11700    224.796 0.0001353318  
     11750    224.326 0.0001287731  
     11800    223.855 0.0001224935  
     11850    223.384 0.0001164834  
     11900    222.911 0.0001107334  
     11950    222.438 0.0001052341  
     12000    221.965 0.0000999766  
     12050    221.490 0.0000949520  
     12100    221.015 0.0000901516  
     12150    220.540 0.0000855671  
     12200    220.064 0.0000811903  
     12250    219.587 0.0000770131  
     12300    219.110 0.0000730279  
     12350    218.632 0.0000692271  
     12400    218.154 0.0000656033  
     12450    217.675 0.0000621495  
     12500    217.196 0.0000588587  
     12550    216.716 0.0000557243  
     12600    216.236 0.0000527398  
     12650    215.756 0.0000498989  
     12700    215.275 0.0000471957  
     12750    214.793 0.0000446242  
     12800    214.312 0.0000421787  
     12850    213.830 0.0000398540  
     12900    213.347 0.0000376446  
     12950    212.865 0.0000355455  
     13000    212.382 0.0000335519  
     13050    211.899 0.0000316591  
     13100    211.415 0.0000298626  
     13150    210.932 0.0000281580  
     13200    210.448 0.0000265411  
     13250    209.963 0.0000250081  
     13300    209.479 0.0000235549  
     13350    208.994 0.0000221781  
     13400    208.510 0.0000208739  
     13450    208.024 0.0000196392  
     13500    207.539 0.0000184706  
     13550    207.054 0.0000173650  
     13600    206.568 0.0000163196  
     13650    206.083 0.0000153314  
     13700    205.597 0.0000143977  
     13750    205.111 0.0000135161  
     13800    204.624 0.0000126839  
     13850    204.138 0.0000118988  
     13900    203.652 0.0000111587  
     13950    203.165 0.0000104612  
     14000    202.678 0.0000098043  
     14050    202.192 0.0000091861  
     14100    201.705 0.0000086046  
     14150    201.218 0.0000080580  
     14200    200.731 0.0000075446  
     14250    200.243 0.0000070627  
     14300    199.756 0.0000066106  
     14350    199.269 0.0000061869  
     14400    198.781 0.0000057900  
     14450    198.294 0.0000054184  
     14500    197.806 0.0000050708  
     14550    197.319 0.0000047457  
     14600    196.831 0.0000044420  
     14650    196.343 0.0000041582  
     14700    195.855 0.0000038932  
     14750    195.368 0.0000036458  
     14800    194.880 0.0000034147  
     14850    194.392 0.0000031988  
     14900    193.904 0.0000029970  
     14950    193.416 0.0000028082  
     15000    192.928 0.0000026313  
     15050    192.440 0.0000024654  
     15100    191.952 0.0000023093  
     15150    191.463 0.0000021622  
     15200    190.975 0.0000020231  
     15250    190.487 0.0000018911  
     15300    189.999 0.0000017653  
     15350    189.511 0.0000016451  
     15400    189.023 0.0000015297  
     15450    188.534 0.0000014184  
     15500    188.046 0.0000013108  
     15550    187.558 0.0000012062  
     15600    187.070 0.0000011045  
     15650    186.581 0.0000010053  
     15700    186.093 0.0000009086  
     15750    185.605 0.0000008146  
     15800    185.116 0.0000007235  
     15850    184.628 0.0000007135  
     15900    184.139 0.0000006696  
     15950    183.651 0.0000006269  
     16000    183.163 0.0000005854  
     16050    182.674 0.0000005452  
     16100    182.186 0.0000005063  
     16150    181.697 0.0000004687  
     16200    181.209 0.0000004326  
     16250    180.720 0.0000003979  
     16300    180.232 0.0000003647  
     16350    179.744 0.0000003330  
     16400    179.255 0.0000003030  
     16450    178.767 0.0000002746  
     16500    178.278 0.0000002479  
     16550    177.790 0.0000002229  
     16600    177.301 0.0000001998  
     16650    176.813 0.0000001785  
     16700    176.324 0.0000001592  
     16750    175.836 0.0000001419  
     16800    175.347 0.0000001266  
     16850    174.859 0.0000001134  
     16900    174.370 0.0000001025  
     16950    173.882 0.0000000938  
     17000    173.393 0.0000000874  
     17050    172.905 0.0000000856  
     17100    172.416 0.0000000864  
     17150    171.927 0.0000000873  
     17200    171.439 0.0000000882  
     17250    170.950 0.0000000891  
     17300    170.462 0.0000000899  
     17350    169.973 0.0000000909  
     17400    169.485 0.0000000918  
     17450    168.996 0.0000000927  
     17500    168.508 0.0000000936  
     17550    168.019 0.0000000946  
     17600    167.531 0.0000000956  
     17650    167.042 0.0000000965  
     17700    166.553 0.0000000975  
     17750    166.065 0.0000000985  
     17800    165.576 0.0000000996  
     17850    165.088 0.0000001006  
     17900    164.599 0.0000001016  
     17950    164.111 0.0000001027  
     18000    163.622 0.0000001038  
