Moist adiabatic profiles SST=326 
 z(m)  T(K)  qv(kg/kg) 
         0    325.000 0.0768826692  
        50    324.511 0.0768826692  
       100    324.023 0.0768826692  
       150    323.534 0.0768826692  
       200    323.046 0.0768826692  
       250    322.557 0.0768826692  
       300    322.069 0.0768826692  
       350    321.580 0.0768826692  
       400    321.092 0.0768826692  
       450    320.603 0.0768826692  
       500    320.115 0.0768826692  
       550    319.878 0.0767820702  
       600    319.740 0.0766415724  
       650    319.603 0.0765010657  
       700    319.466 0.0763605502  
       750    319.329 0.0762200260  
       800    319.192 0.0760794931  
       850    319.054 0.0759389516  
       900    318.917 0.0757984015  
       950    318.780 0.0756578430  
      1000    318.643 0.0755172760  
      1050    318.506 0.0753767007  
      1100    318.369 0.0752361170  
      1150    318.232 0.0750955252  
      1200    318.095 0.0749549251  
      1250    317.958 0.0748143170  
      1300    317.821 0.0746737008  
      1350    317.684 0.0745330766  
      1400    317.547 0.0743924445  
      1450    317.410 0.0742518045  
      1500    317.274 0.0741111567  
      1550    317.137 0.0739705013  
      1600    317.000 0.0738298381  
      1650    316.863 0.0736891674  
      1700    316.726 0.0735484891  
      1750    316.589 0.0734078034  
      1800    316.453 0.0732671102  
      1850    316.316 0.0731264098  
      1900    316.179 0.0729857021  
      1950    316.043 0.0728449871  
      2000    315.906 0.0727042651  
      2050    315.769 0.0725635360  
      2100    315.633 0.0724227999  
      2150    315.496 0.0722820568  
      2200    315.359 0.0721413070  
      2250    315.223 0.0720005503  
      2300    315.086 0.0718597869  
      2350    314.950 0.0717190168  
      2400    314.813 0.0715782402  
      2450    314.676 0.0714374571  
      2500    314.540 0.0712966675  
      2550    314.403 0.0711558716  
      2600    314.267 0.0710150693  
      2650    314.131 0.0708742609  
      2700    313.994 0.0707334463  
      2750    313.858 0.0705926256  
      2800    313.721 0.0704517988  
      2850    313.585 0.0703109662  
      2900    313.448 0.0701701277  
      2950    313.312 0.0700292834  
      3000    313.176 0.0698884334  
      3050    313.039 0.0697475777  
      3100    312.903 0.0696067165  
      3150    312.767 0.0694658498  
      3200    312.630 0.0693249776  
      3250    312.494 0.0691841001  
      3300    312.358 0.0690432174  
      3350    312.222 0.0689023294  
      3400    312.085 0.0687614364  
      3450    311.949 0.0686205383  
      3500    311.813 0.0684796352  
      3550    311.677 0.0683387272  
      3600    311.540 0.0681978145  
      3650    311.404 0.0680568970  
      3700    311.268 0.0679159749  
      3750    311.132 0.0677750482  
      3800    310.996 0.0676341170  
      3850    310.859 0.0674931814  
      3900    310.723 0.0673522415  
      3950    310.587 0.0672112973  
      4000    310.451 0.0670703489  
      4050    310.315 0.0669293965  
      4100    310.179 0.0667884400  
      4150    310.043 0.0666474797  
      4200    309.907 0.0665065155  
      4250    309.771 0.0663655475  
      4300    309.635 0.0662245758  
      4350    309.499 0.0660836006  
      4400    309.363 0.0659426219  
      4450    309.226 0.0658016397  
      4500    309.090 0.0656606542  
      4550    308.954 0.0655196654  
      4600    308.818 0.0653786735  
      4650    308.682 0.0652376785  
      4700    308.546 0.0650966805  
      4750    308.410 0.0649556796  
      4800    308.274 0.0648146758  
      4850    308.138 0.0646736694  
      4900    308.003 0.0645326603  
      4950    307.867 0.0643916486  
      5000    307.731 0.0642506345  
      5050    307.595 0.0641096180  
      5100    307.459 0.0639685992  
      5150    307.323 0.0638275782  
      5200    307.187 0.0636865552  
      5250    307.051 0.0635455301  
      5300    306.915 0.0634045031  
      5350    306.779 0.0632634742  
      5400    306.643 0.0631224437  
      5450    306.507 0.0629814114  
      5500    306.371 0.0628403777  
      5550    306.235 0.0626993425  
      5600    306.100 0.0625583059  
      5650    305.964 0.0624172681  
      5700    305.828 0.0622762291  
      5750    305.692 0.0621351891  
      5800    305.556 0.0619941480  
      5850    305.420 0.0618531061  
      5900    305.284 0.0617120635  
      5950    305.148 0.0615710201  
      6000    305.012 0.0614299762  
      6050    304.877 0.0612889318  
      6100    304.741 0.0611478870  
      6150    304.605 0.0610068420  
      6200    304.469 0.0608657967  
      6250    304.333 0.0607247514  
      6300    304.197 0.0605837062  
      6350    304.061 0.0604426610  
      6400    303.925 0.0603016161  
      6450    303.790 0.0601605715  
      6500    303.654 0.0600195274  
      6550    303.518 0.0598784839  
      6600    303.382 0.0597374410  
      6650    303.246 0.0595963988  
      6700    303.110 0.0594553575  
      6750    302.974 0.0593143172  
      6800    302.838 0.0591732780  
      6850    302.702 0.0590322400  
      6900    302.567 0.0588912033  
      6950    302.431 0.0587501680  
      7000    302.295 0.0586091342  
      7050    302.159 0.0584681021  
      7100    302.023 0.0583270717  
      7150    301.887 0.0581860432  
      7200    301.751 0.0580450166  
      7250    301.615 0.0579039922  
      7300    301.479 0.0577629699  
      7350    301.343 0.0576219500  
      7400    301.207 0.0574809325  
      7450    301.071 0.0573399175  
      7500    300.935 0.0571989052  
      7550    300.799 0.0570578958  
      7600    300.664 0.0569168892  
      7650    300.528 0.0567758856  
      7700    300.392 0.0566348852  
      7750    300.256 0.0564938880  
      7800    300.120 0.0563528943  
      7850    299.984 0.0562119040  
      7900    299.848 0.0560709174  
      7950    299.711 0.0559299346  
      8000    299.575 0.0557889556  
      8050    299.439 0.0556479806  
      8100    299.303 0.0555070098  
      8150    299.167 0.0553660432  
      8200    299.031 0.0552250810  
      8250    298.895 0.0550841233  
      8300    298.759 0.0549431703  
      8350    298.623 0.0548022221  
      8400    298.487 0.0546612787  
      8450    298.351 0.0545203404  
      8500    298.214 0.0543794072  
      8550    298.078 0.0542384794  
      8600    297.942 0.0540975570  
      8650    297.806 0.0539566402  
      8700    297.670 0.0538157290  
      8750    297.533 0.0536748238  
      8800    297.397 0.0535339244  
      8850    297.261 0.0533930313  
      8900    297.125 0.0532521443  
      8950    296.988 0.0531112638  
      9000    296.852 0.0529703898  
      9050    296.716 0.0528295225  
      9100    296.579 0.0526886620  
      9150    296.443 0.0525478085  
      9200    296.307 0.0524069621  
      9250    296.170 0.0522661229  
      9300    296.034 0.0521252911  
      9350    295.897 0.0519844669  
      9400    295.761 0.0518436504  
      9450    295.625 0.0517028418  
      9500    295.488 0.0515620411  
      9550    295.352 0.0514212486  
      9600    295.215 0.0512804644  
      9650    295.078 0.0511396886  
      9700    294.942 0.0509989214  
      9750    294.805 0.0508581630  
      9800    294.669 0.0507174136  
      9850    294.532 0.0505766732  
      9900    294.395 0.0504359420  
      9950    294.259 0.0502952202  
     10000    294.122 0.0501545080  
     10050    293.985 0.0500138055  
     10100    293.848 0.0498731129  
     10150    293.712 0.0497324303  
     10200    293.575 0.0495917579  
     10250    293.438 0.0494510959  
     10300    293.301 0.0493104444  
     10350    293.164 0.0491698036  
     10400    293.027 0.0490291737  
     10450    292.890 0.0488885549  
     10500    292.753 0.0487479473  
     10550    292.616 0.0486073510  
     10600    292.479 0.0484667664  
     10650    292.342 0.0483261934  
     10700    292.205 0.0481856324  
     10750    292.068 0.0480450835  
     10800    291.931 0.0479045469  
     10850    291.794 0.0477640227  
     10900    291.657 0.0476235111  
     10950    291.519 0.0474830124  
     11000    291.382 0.0473425266  
     11050    291.245 0.0472020541  
     11100    291.107 0.0470615949  
     11150    290.970 0.0469211493  
     11200    290.833 0.0467807174  
     11250    290.695 0.0466402994  
     11300    290.558 0.0464998956  
     11350    290.420 0.0463595062  
     11400    290.283 0.0462191312  
     11450    290.145 0.0460787710  
     11500    290.007 0.0459384257  
     11550    289.870 0.0457980955  
     11600    289.732 0.0456577806  
     11650    289.594 0.0455174812  
     11700    289.457 0.0453771975  
     11750    289.319 0.0452369298  
     11800    289.181 0.0450966782  
     11850    289.043 0.0449564429  
     11900    288.905 0.0448162242  
     11950    288.767 0.0446760223  
     12000    288.629 0.0445358373  
     12050    288.491 0.0443956695  
     12100    288.353 0.0442555191  
     12150    288.215 0.0441153863  
     12200    288.076 0.0439752714  
     12250    287.938 0.0438351745  
     12300    287.800 0.0436950959  
     12350    287.662 0.0435550359  
     12400    287.523 0.0434149945  
     12450    287.385 0.0432749721  
     12500    287.246 0.0431349689  
     12550    287.108 0.0429949852  
     12600    286.969 0.0428550210  
     12650    286.831 0.0427150768  
     12700    286.692 0.0425751527  
     12750    286.553 0.0424352490  
     12800    286.414 0.0422953659  
     12850    286.276 0.0421555036  
     12900    286.137 0.0420156624  
     12950    285.998 0.0418758426  
     13000    285.859 0.0417360443  
     13050    285.720 0.0415962679  
     13100    285.581 0.0414565135  
     13150    285.441 0.0413167815  
     13200    285.302 0.0411770722  
     13250    285.163 0.0410373856  
     13300    285.024 0.0408977222  
     13350    284.884 0.0407580822  
     13400    284.745 0.0406184658  
     13450    284.605 0.0404788733  
     13500    284.466 0.0403393050  
     13550    284.326 0.0401997612  
     13600    284.186 0.0400602420  
     13650    284.047 0.0399207479  
     13700    283.907 0.0397812791  
     13750    283.767 0.0396418358  
     13800    283.627 0.0395024184  
     13850    283.487 0.0393630271  
     13900    283.347 0.0392236622  
     13950    283.207 0.0390843240  
     14000    283.066 0.0389450128  
     14050    282.926 0.0388057289  
     14100    282.786 0.0386664726  
     14150    282.645 0.0385272441  
     14200    282.505 0.0383880439  
     14250    282.364 0.0382488722  
     14300    282.224 0.0381097292  
     14350    282.083 0.0379706154  
     14400    281.942 0.0378315310  
     14450    281.801 0.0376924763  
     14500    281.660 0.0375534517  
     14550    281.519 0.0374144575  
     14600    281.378 0.0372754940  
     14650    281.237 0.0371365615  
     14700    281.096 0.0369976603  
     14750    280.955 0.0368587909  
     14800    280.813 0.0367199535  
     14850    280.672 0.0365811485  
     14900    280.530 0.0364423761  
     14950    280.389 0.0363036368  
     15000    280.247 0.0361649310  
     15050    280.105 0.0360262588  
     15100    279.963 0.0358876208  
     15150    279.821 0.0357490172  
     15200    279.679 0.0356104485  
     15250    279.537 0.0354719149  
     15300    279.395 0.0353334169  
     15350    279.252 0.0351949548  
     15400    279.110 0.0350565290  
     15450    278.967 0.0349181399  
     15500    278.825 0.0347797879  
     15550    278.682 0.0346414733  
     15600    278.539 0.0345031965  
     15650    278.396 0.0343649579  
     15700    278.253 0.0342267579  
     15750    278.110 0.0340885970  
     15800    277.967 0.0339504754  
     15850    277.824 0.0338123937  
     15900    277.680 0.0336743522  
     15950    277.537 0.0335363514  
     16000    277.393 0.0333983916  
     16050    277.250 0.0332604733  
     16100    277.106 0.0331225969  
     16150    276.962 0.0329847629  
     16200    276.818 0.0328469716  
     16250    276.674 0.0327092236  
     16300    276.530 0.0325715192  
     16350    276.385 0.0324338589  
     16400    276.241 0.0322962432  
     16450    276.096 0.0321586725  
     16500    275.952 0.0320211473  
     16550    275.807 0.0318836680  
     16600    275.662 0.0317462351  
     16650    275.517 0.0316088491  
     16700    275.372 0.0314715104  
     16750    275.226 0.0313342196  
     16800    275.081 0.0311969772  
     16850    274.936 0.0310597835  
     16900    274.790 0.0309226392  
     16950    274.644 0.0307855448  
     17000    274.498 0.0306485006  
     17050    274.352 0.0305115074  
     17100    274.206 0.0303745655  
     17150    274.060 0.0302376755  
     17200    273.913 0.0301008379  
     17250    273.767 0.0299640533  
     17300    273.620 0.0298273223  
     17350    273.474 0.0296906453  
     17400    273.327 0.0295540228  
     17450    273.179 0.0294174556  
     17500    273.046 0.0293114491  
     17550    272.915 0.0292101471  
     17600    272.784 0.0291088903  
     17650    272.653 0.0290076796  
     17700    272.522 0.0289065162  
     17750    272.392 0.0288054011  
     17800    272.262 0.0287043351  
     17850    272.132 0.0286033193  
     17900    272.002 0.0285023547  
     17950    271.872 0.0284014422  
     18000    271.742 0.0283005827  
