Moist adiabatic profiles SST=302 
 z(m)  T(K)  qv(kg/kg) 
         0    301.000 0.0191685979  
        50    300.511 0.0191685979  
       100    300.023 0.0191685979  
       150    299.534 0.0191685979  
       200    299.046 0.0191685979  
       250    298.557 0.0191685979  
       300    298.069 0.0191685979  
       350    297.580 0.0191685979  
       400    297.092 0.0191685979  
       450    296.603 0.0191685979  
       500    296.331 0.0190821807  
       550    296.136 0.0189645835  
       600    295.941 0.0188471078  
       650    295.746 0.0187297547  
       700    295.551 0.0186125256  
       750    295.355 0.0184954217  
       800    295.159 0.0183784444  
       850    294.963 0.0182615948  
       900    294.766 0.0181448743  
       950    294.569 0.0180282843  
      1000    294.372 0.0179118260  
      1050    294.174 0.0177955009  
      1100    293.976 0.0176793103  
      1150    293.777 0.0175632556  
      1200    293.579 0.0174473382  
      1250    293.380 0.0173315595  
      1300    293.180 0.0172159210  
      1350    292.981 0.0171004242  
      1400    292.780 0.0169850704  
      1450    292.580 0.0168698613  
      1500    292.379 0.0167547982  
      1550    292.178 0.0166398828  
      1600    291.976 0.0165251165  
      1650    291.774 0.0164105010  
      1700    291.572 0.0162960378  
      1750    291.369 0.0161817285  
      1800    291.166 0.0160675748  
      1850    290.963 0.0159535783  
      1900    290.759 0.0158397406  
      1950    290.554 0.0157260634  
      2000    290.350 0.0156125485  
      2050    290.145 0.0154991975  
      2100    289.939 0.0153860122  
      2150    289.733 0.0152729943  
      2200    289.527 0.0151601474  
      2250    289.320 0.0150474714  
      2300    289.113 0.0149349683  
      2350    288.905 0.0148226398  
      2400    288.697 0.0147104879  
      2450    288.488 0.0145985144  
      2500    288.279 0.0144867212  
      2550    288.070 0.0143751104  
      2600    287.860 0.0142636838  
      2650    287.650 0.0141524436  
      2700    287.439 0.0140413916  
      2750    287.227 0.0139305300  
      2800    287.015 0.0138198608  
      2850    286.803 0.0137093860  
      2900    286.590 0.0135991080  
      2950    286.377 0.0134890287  
      3000    286.163 0.0133791504  
      3050    285.949 0.0132694752  
      3100    285.734 0.0131600054  
      3150    285.519 0.0130507433  
      3200    285.303 0.0129416911  
      3250    285.087 0.0128328512  
      3300    284.870 0.0127242258  
      3350    284.652 0.0126158175  
      3400    284.434 0.0125076285  
      3450    284.215 0.0123996613  
      3500    283.996 0.0122919185  
      3550    283.777 0.0121844024  
      3600    283.556 0.0120771156  
      3650    283.335 0.0119700607  
      3700    283.114 0.0118632402  
      3750    282.892 0.0117566568  
      3800    282.669 0.0116503132  
      3850    282.446 0.0115442120  
      3900    282.222 0.0114383560  
      3950    281.998 0.0113327479  
      4000    281.773 0.0112273905  
      4050    281.547 0.0111222867  
      4100    281.321 0.0110174393  
      4150    281.093 0.0109128513  
      4200    280.866 0.0108085255  
      4250    280.637 0.0107044649  
      4300    280.408 0.0106006726  
      4350    280.179 0.0104971516  
      4400    279.948 0.0103939050  
      4450    279.717 0.0102909360  
      4500    279.485 0.0101882477  
      4550    279.253 0.0100858432  
      4600    279.020 0.0099837260  
      4650    278.786 0.0098818992  
      4700    278.551 0.0097803661  
      4750    278.316 0.0096791303  
      4800    278.080 0.0095781950  
      4850    277.843 0.0094775637  
      4900    277.605 0.0093772400  
      4950    277.366 0.0092772273  
      5000    277.127 0.0091775293  
      5050    276.887 0.0090781495  
      5100    276.646 0.0089790918  
      5150    276.405 0.0088803597  
      5200    276.162 0.0087819570  
      5250    275.919 0.0086838876  
      5300    275.675 0.0085861553  
      5350    275.430 0.0084887640  
      5400    275.184 0.0083917177  
      5450    274.937 0.0082950203  
      5500    274.689 0.0081986758  
      5550    274.441 0.0081026885  
      5600    274.191 0.0080070623  
      5650    273.941 0.0079118015  
      5700    273.690 0.0078169104  
      5750    273.437 0.0077223931  
      5800    273.184 0.0076282540  
      5850    272.948 0.0075439628  
      5900    272.713 0.0074609599  
      5950    272.477 0.0073782433  
      6000    272.242 0.0072958174  
      6050    272.007 0.0072136867  
      6100    271.772 0.0071318553  
      6150    271.536 0.0070503277  
      6200    271.301 0.0069691080  
      6250    271.065 0.0068882004  
      6300    270.829 0.0068076090  
      6350    270.593 0.0067273380  
      6400    270.357 0.0066473916  
      6450    270.121 0.0065677736  
      6500    269.885 0.0064884883  
      6550    269.648 0.0064095396  
      6600    269.411 0.0063309315  
      6650    269.174 0.0062526679  
      6700    268.937 0.0061747528  
      6750    268.699 0.0060971902  
      6800    268.461 0.0060199839  
      6850    268.223 0.0059431378  
      6900    267.985 0.0058666558  
      6950    267.746 0.0057905418  
      7000    267.507 0.0057147995  
      7050    267.268 0.0056394328  
      7100    267.028 0.0055644456  
      7150    266.788 0.0054898416  
      7200    266.548 0.0054156246  
      7250    266.308 0.0053417984  
      7300    266.067 0.0052683667  
      7350    265.825 0.0051953334  
      7400    265.584 0.0051227022  
      7450    265.342 0.0050504767  
      7500    265.099 0.0049786608  
      7550    264.856 0.0049072582  
      7600    264.613 0.0048362726  
      7650    264.369 0.0047657076  
      7700    264.125 0.0046955671  
      7750    263.880 0.0046258546  
      7800    263.635 0.0045565740  
      7850    263.389 0.0044877287  
      7900    263.143 0.0044193226  
      7950    262.897 0.0043513594  
      8000    262.650 0.0042838425  
      8050    262.402 0.0042167758  
      8100    262.154 0.0041501627  
      8150    261.905 0.0040840071  
      8200    261.656 0.0040183124  
      8250    261.406 0.0039530823  
      8300    261.156 0.0038883204  
      8350    260.905 0.0038240303  
      8400    260.653 0.0037602155  
      8450    260.401 0.0036968796  
      8500    260.148 0.0036340262  
      8550    259.895 0.0035716588  
      8600    259.641 0.0035097808  
      8650    259.386 0.0034483958  
      8700    259.130 0.0033875074  
      8750    258.874 0.0033271188  
      8800    258.618 0.0032672336  
      8850    258.360 0.0032078552  
      8900    258.102 0.0031489869  
      8950    257.843 0.0030906321  
      9000    257.583 0.0030327942  
      9050    257.323 0.0029754765  
      9100    257.062 0.0029186822  
      9150    256.800 0.0028624145  
      9200    256.538 0.0028066767  
      9250    256.274 0.0027514720  
      9300    256.010 0.0026968034  
      9350    255.745 0.0026426740  
      9400    255.479 0.0025890869  
      9450    255.212 0.0025360450  
      9500    254.945 0.0024835513  
      9550    254.677 0.0024316087  
      9600    254.407 0.0023802200  
      9650    254.137 0.0023293880  
      9700    253.866 0.0022791154  
      9750    253.595 0.0022294047  
      9800    253.322 0.0021802587  
      9850    253.024 0.0021292176  
      9900    252.688 0.0020753206  
      9950    252.350 0.0020222030  
     10000    252.009 0.0019698688  
     10050    251.667 0.0019183221  
     10100    251.322 0.0018675666  
     10150    250.975 0.0018176056  
     10200    250.626 0.0017684425  
     10250    250.274 0.0017200800  
     10300    249.920 0.0016725207  
     10350    249.564 0.0016257668  
     10400    249.206 0.0015798203  
     10450    248.845 0.0015346829  
     10500    248.482 0.0014903556  
     10550    248.117 0.0014468394  
     10600    247.749 0.0014041348  
     10650    247.379 0.0013622420  
     10700    247.007 0.0013211608  
     10750    246.633 0.0012808904  
     10800    246.256 0.0012414298  
     10850    245.877 0.0012027778  
     10900    245.496 0.0011649322  
     10950    245.112 0.0011278911  
     11000    244.726 0.0010916515  
     11050    244.338 0.0010562105  
     11100    243.947 0.0010215646  
     11150    243.555 0.0009877097  
     11200    243.160 0.0009546415  
     11250    242.763 0.0009223552  
     11300    242.364 0.0008908456  
     11350    241.962 0.0008601070  
     11400    241.558 0.0008301335  
     11450    241.153 0.0008009185  
     11500    240.745 0.0007724551  
     11550    240.335 0.0007447362  
     11600    239.923 0.0007177541  
     11650    239.508 0.0006915007  
     11700    239.092 0.0006659677  
     11750    238.674 0.0006411463  
     11800    238.254 0.0006170275  
     11850    237.832 0.0005936018  
     11900    237.407 0.0005708595  
     11950    236.981 0.0005487907  
     12000    236.554 0.0005273849  
     12050    236.124 0.0005066317  
     12100    235.692 0.0004865201  
     12150    235.259 0.0004670392  
     12200    234.824 0.0004481776  
     12250    234.387 0.0004299239  
     12300    233.948 0.0004122665  
     12350    233.508 0.0003951935  
     12400    233.066 0.0003786931  
     12450    232.623 0.0003627530  
     12500    232.178 0.0003473612  
     12550    231.732 0.0003325055  
     12600    231.284 0.0003181734  
     12650    230.834 0.0003043527  
     12700    230.383 0.0002910309  
     12750    229.931 0.0002781956  
     12800    229.478 0.0002658346  
     12850    229.023 0.0002539353  
     12900    228.567 0.0002424854  
     12950    228.109 0.0002314728  
     13000    227.651 0.0002208852  
     13050    227.191 0.0002107104  
     13100    226.730 0.0002009365  
     13150    226.268 0.0001915516  
     13200    225.805 0.0001825439  
     13250    225.341 0.0001739018  
     13300    224.876 0.0001656138  
     13350    224.410 0.0001576685  
     13400    223.943 0.0001500550  
     13450    223.475 0.0001427620  
     13500    223.006 0.0001357790  
     13550    222.537 0.0001290953  
     13600    222.066 0.0001227006  
     13650    221.595 0.0001165845  
     13700    221.123 0.0001107373  
     13750    220.650 0.0001051492  
     13800    220.177 0.0000998106  
     13850    219.703 0.0000947122  
     13900    219.228 0.0000898450  
     13950    218.753 0.0000852002  
     14000    218.277 0.0000807692  
     14050    217.800 0.0000765435  
     14100    217.323 0.0000725152  
     14150    216.845 0.0000686762  
     14200    216.367 0.0000650189  
     14250    215.889 0.0000615359  
     14300    215.409 0.0000582200  
     14350    214.930 0.0000550642  
     14400    214.450 0.0000520618  
     14450    213.969 0.0000492063  
     14500    213.488 0.0000464914  
     14550    213.007 0.0000439110  
     14600    212.526 0.0000414593  
     14650    212.044 0.0000391306  
     14700    211.561 0.0000369195  
     14750    211.079 0.0000348208  
     14800    210.596 0.0000328295  
     14850    210.113 0.0000309406  
     14900    209.629 0.0000291497  
     14950    209.145 0.0000274522  
     15000    208.661 0.0000258439  
     15050    208.177 0.0000243206  
     15100    207.693 0.0000228785  
     15150    207.208 0.0000215137  
     15200    206.723 0.0000202227  
     15250    206.238 0.0000190021  
     15300    205.753 0.0000178485  
     15350    205.267 0.0000167588  
     15400    204.782 0.0000157299  
     15450    204.296 0.0000147591  
     15500    203.810 0.0000138434  
     15550    203.324 0.0000129802  
     15600    202.838 0.0000121671  
     15650    202.351 0.0000114016  
     15700    201.865 0.0000106813  
     15750    201.378 0.0000100041  
     15800    200.891 0.0000093678  
     15850    200.405 0.0000087702  
     15900    199.918 0.0000082096  
     15950    199.431 0.0000076839  
     16000    198.943 0.0000071913  
     16050    198.456 0.0000067300  
     16100    197.969 0.0000062984  
     16150    197.481 0.0000058947  
     16200    196.994 0.0000055174  
     16250    196.506 0.0000051648  
     16300    196.019 0.0000048355  
     16350    195.531 0.0000045280  
     16400    195.043 0.0000042408  
     16450    194.556 0.0000039725  
     16500    194.068 0.0000037218  
     16550    193.580 0.0000034874  
     16600    193.092 0.0000032678  
     16650    192.604 0.0000030619  
     16700    192.116 0.0000028684  
     16750    191.628 0.0000026861  
     16800    191.140 0.0000025140  
     16850    190.652 0.0000023508  
     16900    190.164 0.0000021956  
     16950    189.676 0.0000020475  
     17000    189.187 0.0000019054  
     17050    188.699 0.0000017686  
     17100    188.211 0.0000016364  
     17150    187.723 0.0000015081  
     17200    187.235 0.0000013834  
     17250    186.747 0.0000012619  
     17300    186.258 0.0000011434  
     17350    185.770 0.0000010281  
     17400    185.282 0.0000009161  
     17450    184.793 0.0000008853  
     17500    184.305 0.0000008315  
     17550    183.817 0.0000007791  
     17600    183.328 0.0000007282  
     17650    182.840 0.0000006788  
     17700    182.351 0.0000006310  
     17750    181.863 0.0000005848  
     17800    181.375 0.0000005403  
     17850    180.886 0.0000004976  
     17900    180.398 0.0000004566  
     17950    179.909 0.0000004175  
     18000    179.421 0.0000003803  
