Moist adiabatic profiles SST=322 
 z(m)  T(K)  qv(kg/kg) 
         0    321.000 0.0613216690  
        50    320.511 0.0613216690  
       100    320.023 0.0613216690  
       150    319.534 0.0613216690  
       200    319.046 0.0613216690  
       250    318.557 0.0613216690  
       300    318.069 0.0613216690  
       350    317.580 0.0613216690  
       400    317.092 0.0613216690  
       450    316.603 0.0613216690  
       500    316.115 0.0613216690  
       550    315.901 0.0612115321  
       600    315.759 0.0610732777  
       650    315.616 0.0609350220  
       700    315.473 0.0607967651  
       750    315.330 0.0606585071  
       800    315.187 0.0605202481  
       850    315.044 0.0603819883  
       900    314.901 0.0602437277  
       950    314.759 0.0601054665  
      1000    314.616 0.0599672047  
      1050    314.473 0.0598289424  
      1100    314.330 0.0596906798  
      1150    314.187 0.0595524170  
      1200    314.044 0.0594141540  
      1250    313.902 0.0592758910  
      1300    313.759 0.0591376281  
      1350    313.616 0.0589993653  
      1400    313.473 0.0588611029  
      1450    313.330 0.0587228409  
      1500    313.187 0.0585845795  
      1550    313.045 0.0584463186  
      1600    312.902 0.0583080585  
      1650    312.759 0.0581697993  
      1700    312.616 0.0580315410  
      1750    312.473 0.0578932839  
      1800    312.330 0.0577550279  
      1850    312.188 0.0576167733  
      1900    312.045 0.0574785201  
      1950    311.902 0.0573402684  
      2000    311.759 0.0572020185  
      2050    311.616 0.0570637703  
      2100    311.473 0.0569255240  
      2150    311.330 0.0567872797  
      2200    311.187 0.0566490376  
      2250    311.045 0.0565107978  
      2300    310.902 0.0563725603  
      2350    310.759 0.0562343254  
      2400    310.616 0.0560960931  
      2450    310.473 0.0559578635  
      2500    310.330 0.0558196369  
      2550    310.187 0.0556814132  
      2600    310.044 0.0555431927  
      2650    309.901 0.0554049754  
      2700    309.758 0.0552667615  
      2750    309.615 0.0551285512  
      2800    309.472 0.0549903444  
      2850    309.329 0.0548521415  
      2900    309.186 0.0547139424  
      2950    309.043 0.0545757474  
      3000    308.900 0.0544375566  
      3050    308.757 0.0542993700  
      3100    308.614 0.0541611879  
      3150    308.471 0.0540230104  
      3200    308.328 0.0538848375  
      3250    308.185 0.0537466695  
      3300    308.042 0.0536085065  
      3350    307.899 0.0534703486  
      3400    307.756 0.0533321959  
      3450    307.613 0.0531940486  
      3500    307.469 0.0530559069  
      3550    307.326 0.0529177708  
      3600    307.183 0.0527796406  
      3650    307.040 0.0526415163  
      3700    306.897 0.0525033981  
      3750    306.754 0.0523652861  
      3800    306.610 0.0522271805  
      3850    306.467 0.0520890815  
      3900    306.324 0.0519509892  
      3950    306.181 0.0518129036  
      4000    306.037 0.0516748251  
      4050    305.894 0.0515367537  
      4100    305.751 0.0513986896  
      4150    305.607 0.0512606329  
      4200    305.464 0.0511225838  
      4250    305.321 0.0509845424  
      4300    305.177 0.0508465090  
      4350    305.034 0.0507084836  
      4400    304.890 0.0505704664  
      4450    304.747 0.0504324575  
      4500    304.603 0.0502944572  
      4550    304.460 0.0501564656  
      4600    304.316 0.0500184829  
      4650    304.173 0.0498805091  
      4700    304.029 0.0497425445  
      4750    303.885 0.0496045893  
      4800    303.742 0.0494666435  
      4850    303.598 0.0493287075  
      4900    303.455 0.0491907812  
      4950    303.311 0.0490528650  
      5000    303.167 0.0489149589  
      5050    303.023 0.0487770632  
      5100    302.880 0.0486391781  
      5150    302.736 0.0485013036  
      5200    302.592 0.0483634399  
      5250    302.448 0.0482255874  
      5300    302.304 0.0480877460  
      5350    302.160 0.0479499160  
      5400    302.016 0.0478120977  
      5450    301.872 0.0476742910  
      5500    301.728 0.0475364964  
      5550    301.584 0.0473987138  
      5600    301.440 0.0472609435  
      5650    301.296 0.0471231858  
      5700    301.152 0.0469854407  
      5750    301.008 0.0468477085  
      5800    300.864 0.0467099893  
      5850    300.719 0.0465722834  
      5900    300.575 0.0464345910  
      5950    300.431 0.0462969121  
      6000    300.287 0.0461592471  
      6050    300.142 0.0460215962  
      6100    299.998 0.0458839594  
      6150    299.853 0.0457463371  
      6200    299.709 0.0456087294  
      6250    299.564 0.0454711365  
      6300    299.420 0.0453335586  
      6350    299.275 0.0451959960  
      6400    299.131 0.0450584488  
      6450    298.986 0.0449209173  
      6500    298.841 0.0447834016  
      6550    298.697 0.0446459020  
      6600    298.552 0.0445084187  
      6650    298.407 0.0443709518  
      6700    298.262 0.0442335017  
      6750    298.117 0.0440960685  
      6800    297.972 0.0439586525  
      6850    297.827 0.0438212538  
      6900    297.682 0.0436838727  
      6950    297.537 0.0435465094  
      7000    297.392 0.0434091641  
      7050    297.247 0.0432718371  
      7100    297.102 0.0431345286  
      7150    296.956 0.0429972389  
      7200    296.811 0.0428599680  
      7250    296.666 0.0427227164  
      7300    296.520 0.0425854842  
      7350    296.375 0.0424482717  
      7400    296.229 0.0423110790  
      7450    296.084 0.0421739065  
      7500    295.938 0.0420367544  
      7550    295.792 0.0418996229  
      7600    295.647 0.0417625123  
      7650    295.501 0.0416254228  
      7700    295.355 0.0414883547  
      7750    295.209 0.0413513083  
      7800    295.063 0.0412142837  
      7850    294.917 0.0410772812  
      7900    294.771 0.0409403012  
      7950    294.625 0.0408033438  
      8000    294.479 0.0406664093  
      8050    294.333 0.0405294980  
      8100    294.187 0.0403926102  
      8150    294.040 0.0402557461  
      8200    293.894 0.0401189060  
      8250    293.747 0.0399820901  
      8300    293.601 0.0398452988  
      8350    293.454 0.0397085324  
      8400    293.308 0.0395717910  
      8450    293.161 0.0394350750  
      8500    293.014 0.0392983847  
      8550    292.867 0.0391617203  
      8600    292.720 0.0390250822  
      8650    292.573 0.0388884706  
      8700    292.426 0.0387518858  
      8750    292.279 0.0386153281  
      8800    292.132 0.0384787979  
      8850    291.985 0.0383422954  
      8900    291.838 0.0382058210  
      8950    291.690 0.0380693748  
      9000    291.543 0.0379329574  
      9050    291.395 0.0377965688  
      9100    291.248 0.0376602096  
      9150    291.100 0.0375238799  
      9200    290.952 0.0373875801  
      9250    290.804 0.0372513106  
      9300    290.657 0.0371150716  
      9350    290.509 0.0369788635  
      9400    290.361 0.0368426866  
      9450    290.212 0.0367065413  
      9500    290.064 0.0365704279  
      9550    289.916 0.0364343466  
      9600    289.768 0.0362982979  
      9650    289.619 0.0361622822  
      9700    289.471 0.0360262997  
      9750    289.322 0.0358903508  
      9800    289.173 0.0357544358  
      9850    289.024 0.0356185552  
      9900    288.876 0.0354827093  
      9950    288.727 0.0353468984  
     10000    288.578 0.0352111229  
     10050    288.428 0.0350753832  
     10100    288.279 0.0349396797  
     10150    288.130 0.0348040126  
     10200    287.980 0.0346683825  
     10250    287.831 0.0345327897  
     10300    287.681 0.0343972346  
     10350    287.532 0.0342617175  
     10400    287.382 0.0341262390  
     10450    287.232 0.0339907992  
     10500    287.082 0.0338553988  
     10550    286.932 0.0337200380  
     10600    286.782 0.0335847173  
     10650    286.631 0.0334494371  
     10700    286.481 0.0333141978  
     10750    286.330 0.0331789998  
     10800    286.180 0.0330438436  
     10850    286.029 0.0329087296  
     10900    285.878 0.0327736582  
     10950    285.727 0.0326386298  
     11000    285.576 0.0325036450  
     11050    285.425 0.0323687041  
     11100    285.274 0.0322338075  
     11150    285.123 0.0320989558  
     11200    284.971 0.0319641494  
     11250    284.820 0.0318293888  
     11300    284.668 0.0316946743  
     11350    284.516 0.0315600066  
     11400    284.364 0.0314253861  
     11450    284.212 0.0312908132  
     11500    284.060 0.0311562884  
     11550    283.908 0.0310218123  
     11600    283.755 0.0308873852  
     11650    283.603 0.0307530078  
     11700    283.450 0.0306186806  
     11750    283.297 0.0304844039  
     11800    283.144 0.0303501784  
     11850    282.991 0.0302160046  
     11900    282.838 0.0300818829  
     11950    282.685 0.0299478140  
     12000    282.531 0.0298137983  
     12050    282.378 0.0296798365  
     12100    282.224 0.0295459289  
     12150    282.070 0.0294120763  
     12200    281.916 0.0292782791  
     12250    281.762 0.0291445379  
     12300    281.608 0.0290108533  
     12350    281.453 0.0288772258  
     12400    281.299 0.0287436561  
     12450    281.144 0.0286101447  
     12500    280.989 0.0284766923  
     12550    280.834 0.0283432993  
     12600    280.679 0.0282099664  
     12650    280.524 0.0280766943  
     12700    280.368 0.0279434835  
     12750    280.212 0.0278103347  
     12800    280.057 0.0276772485  
     12850    279.901 0.0275442255  
     12900    279.745 0.0274112664  
     12950    279.588 0.0272783718  
     13000    279.432 0.0271455425  
     13050    279.275 0.0270127789  
     13100    279.119 0.0268800819  
     13150    278.962 0.0267474521  
     13200    278.805 0.0266148902  
     13250    278.647 0.0264823969  
     13300    278.490 0.0263499729  
     13350    278.332 0.0262176189  
     13400    278.175 0.0260853356  
     13450    278.017 0.0259531237  
     13500    277.858 0.0258209840  
     13550    277.700 0.0256889172  
     13600    277.542 0.0255569241  
     13650    277.383 0.0254250054  
     13700    277.224 0.0252931619  
     13750    277.065 0.0251613944  
     13800    276.906 0.0250297036  
     13850    276.746 0.0248980903  
     13900    276.587 0.0247665554  
     13950    276.427 0.0246350997  
     14000    276.267 0.0245037239  
     14050    276.106 0.0243724290  
     14100    275.946 0.0242412157  
     14150    275.785 0.0241100848  
     14200    275.624 0.0239790374  
     14250    275.463 0.0238480741  
     14300    275.302 0.0237171960  
     14350    275.141 0.0235864038  
     14400    274.979 0.0234556986  
     14450    274.817 0.0233250811  
     14500    274.655 0.0231945524  
     14550    274.492 0.0230641133  
     14600    274.330 0.0229337648  
     14650    274.167 0.0228035078  
     14700    274.004 0.0226733434  
     14750    273.840 0.0225432725  
     14800    273.677 0.0224132961  
     14850    273.513 0.0222834151  
     14900    273.349 0.0221536307  
     14950    273.185 0.0220239438  
     15000    273.036 0.0219204186  
     15050    272.890 0.0218215840  
     15100    272.745 0.0217228257  
     15150    272.600 0.0216241440  
     15200    272.455 0.0215255408  
     15250    272.310 0.0214270174  
     15300    272.165 0.0213285751  
     15350    272.020 0.0212302151  
     15400    271.876 0.0211319387  
     15450    271.731 0.0210337472  
     15500    271.587 0.0209356417  
     15550    271.443 0.0208376234  
     15600    271.299 0.0207396936  
     15650    271.156 0.0206418534  
     15700    271.012 0.0205441039  
     15750    270.868 0.0204464463  
     15800    270.725 0.0203488817  
     15850    270.582 0.0202514113  
     15900    270.439 0.0201540360  
     15950    270.296 0.0200567570  
     16000    270.153 0.0199595753  
     16050    270.011 0.0198624921  
     16100    269.868 0.0197655083  
     16150    269.726 0.0196686250  
     16200    269.583 0.0195718432  
     16250    269.441 0.0194751639  
     16300    269.299 0.0193785881  
     16350    269.157 0.0192821169  
     16400    269.015 0.0191857511  
     16450    268.873 0.0190894917  
     16500    268.732 0.0189933398  
     16550    268.590 0.0188972963  
     16600    268.449 0.0188013621  
     16650    268.307 0.0187055382  
     16700    268.166 0.0186098254  
     16750    268.025 0.0185142247  
     16800    267.884 0.0184187371  
     16850    267.743 0.0183233634  
     16900    267.602 0.0182281046  
     16950    267.461 0.0181329614  
     17000    267.320 0.0180379349  
     17050    267.180 0.0179430259  
     17100    267.039 0.0178482353  
     17150    266.899 0.0177535640  
     17200    266.758 0.0176590128  
     17250    266.618 0.0175645825  
     17300    266.477 0.0174702741  
     17350    266.337 0.0173760885  
     17400    266.197 0.0172820264  
     17450    266.057 0.0171880886  
     17500    265.917 0.0170942762  
     17550    265.777 0.0170005898  
     17600    265.637 0.0169070303  
     17650    265.497 0.0168135986  
     17700    265.357 0.0167202955  
     17750    265.218 0.0166271218  
     17800    265.078 0.0165340783  
     17850    264.938 0.0164411660  
     17900    264.799 0.0163483854  
     17950    264.659 0.0162557377  
     18000    264.520 0.0161632234  
