Moist adiabatic profiles SST=314 
 z(m)  T(K)  qv(kg/kg) 
         0    313.000 0.0388734382  
        50    312.511 0.0388734382  
       100    312.023 0.0388734382  
       150    311.534 0.0388734382  
       200    311.046 0.0388734382  
       250    310.557 0.0388734382  
       300    310.069 0.0388734382  
       350    309.580 0.0388734382  
       400    309.092 0.0388734382  
       450    308.603 0.0388734382  
       500    308.144 0.0388616607  
       550    307.986 0.0387295278  
       600    307.828 0.0385974207  
       650    307.669 0.0384653396  
       700    307.511 0.0383332849  
       750    307.353 0.0382012569  
       800    307.194 0.0380692558  
       850    307.035 0.0379372820  
       900    306.877 0.0378053358  
       950    306.718 0.0376734175  
      1000    306.559 0.0375415273  
      1050    306.401 0.0374096657  
      1100    306.242 0.0372778328  
      1150    306.083 0.0371460291  
      1200    305.924 0.0370142549  
      1250    305.764 0.0368825104  
      1300    305.605 0.0367507960  
      1350    305.446 0.0366191120  
      1400    305.287 0.0364874588  
      1450    305.127 0.0363558367  
      1500    304.968 0.0362242460  
      1550    304.808 0.0360926870  
      1600    304.648 0.0359611602  
      1650    304.489 0.0358296657  
      1700    304.329 0.0356982041  
      1750    304.169 0.0355667756  
      1800    304.009 0.0354353807  
      1850    303.849 0.0353040195  
      1900    303.689 0.0351726926  
      1950    303.528 0.0350414002  
      2000    303.368 0.0349101428  
      2050    303.208 0.0347789206  
      2100    303.047 0.0346477342  
      2150    302.886 0.0345165837  
      2200    302.726 0.0343854697  
      2250    302.565 0.0342543925  
      2300    302.404 0.0341233525  
      2350    302.243 0.0339923501  
      2400    302.082 0.0338613856  
      2450    301.921 0.0337304594  
      2500    301.759 0.0335995721  
      2550    301.598 0.0334687238  
      2600    301.437 0.0333379152  
      2650    301.275 0.0332071465  
      2700    301.113 0.0330764182  
      2750    300.952 0.0329457306  
      2800    300.790 0.0328150843  
      2850    300.628 0.0326844796  
      2900    300.466 0.0325539170  
      2950    300.303 0.0324233969  
      3000    300.141 0.0322929197  
      3050    299.979 0.0321624858  
      3100    299.816 0.0320320958  
      3150    299.654 0.0319017500  
      3200    299.491 0.0317714489  
      3250    299.328 0.0316411929  
      3300    299.165 0.0315109826  
      3350    299.002 0.0313808184  
      3400    298.839 0.0312507007  
      3450    298.675 0.0311206300  
      3500    298.512 0.0309906068  
      3550    298.348 0.0308606315  
      3600    298.185 0.0307307047  
      3650    298.021 0.0306008269  
      3700    297.857 0.0304709985  
      3750    297.693 0.0303412200  
      3800    297.529 0.0302114919  
      3850    297.365 0.0300818148  
      3900    297.200 0.0299521892  
      3950    297.036 0.0298226155  
      4000    296.871 0.0296930943  
      4050    296.706 0.0295636262  
      4100    296.541 0.0294342116  
      4150    296.376 0.0293048510  
      4200    296.211 0.0291755452  
      4250    296.045 0.0290462945  
      4300    295.880 0.0289170995  
      4350    295.714 0.0287879608  
      4400    295.548 0.0286588790  
      4450    295.382 0.0285298546  
      4500    295.216 0.0284008882  
      4550    295.050 0.0282719804  
      4600    294.884 0.0281431317  
      4650    294.717 0.0280143428  
      4700    294.551 0.0278856143  
      4750    294.384 0.0277569468  
      4800    294.217 0.0276283408  
      4850    294.050 0.0274997970  
      4900    293.882 0.0273713160  
      4950    293.715 0.0272428984  
      5000    293.547 0.0271145449  
      5050    293.380 0.0269862562  
      5100    293.212 0.0268580328  
      5150    293.044 0.0267298754  
      5200    292.875 0.0266017847  
      5250    292.707 0.0264737613  
      5300    292.538 0.0263458060  
      5350    292.369 0.0262179194  
      5400    292.200 0.0260901022  
      5450    292.031 0.0259623550  
      5500    291.862 0.0258346787  
      5550    291.693 0.0257070739  
      5600    291.523 0.0255795413  
      5650    291.353 0.0254520816  
      5700    291.183 0.0253246956  
      5750    291.013 0.0251973841  
      5800    290.842 0.0250701477  
      5850    290.672 0.0249429872  
      5900    290.501 0.0248159035  
      5950    290.330 0.0246888972  
      6000    290.159 0.0245619692  
      6050    289.988 0.0244351202  
      6100    289.816 0.0243083510  
      6150    289.644 0.0241816625  
      6200    289.472 0.0240550555  
      6250    289.300 0.0239285307  
      6300    289.128 0.0238020891  
      6350    288.955 0.0236757314  
      6400    288.782 0.0235494586  
      6450    288.609 0.0234232714  
      6500    288.436 0.0232971708  
      6550    288.262 0.0231711577  
      6600    288.089 0.0230452328  
      6650    287.915 0.0229193972  
      6700    287.741 0.0227936517  
      6750    287.566 0.0226679972  
      6800    287.392 0.0225424348  
      6850    287.217 0.0224169653  
      6900    287.042 0.0222915896  
      6950    286.867 0.0221663088  
      7000    286.691 0.0220411239  
      7050    286.515 0.0219160357  
      7100    286.339 0.0217910453  
      7150    286.163 0.0216661538  
      7200    285.986 0.0215413621  
      7250    285.810 0.0214166712  
      7300    285.633 0.0212920823  
      7350    285.455 0.0211675963  
      7400    285.278 0.0210432144  
      7450    285.100 0.0209189375  
      7500    284.922 0.0207947669  
      7550    284.744 0.0206707036  
      7600    284.565 0.0205467487  
      7650    284.386 0.0204229034  
      7700    284.207 0.0202991688  
      7750    284.028 0.0201755461  
      7800    283.848 0.0200520364  
      7850    283.668 0.0199286409  
      7900    283.488 0.0198053609  
      7950    283.307 0.0196821976  
      8000    283.126 0.0195591521  
      8050    282.945 0.0194362257  
      8100    282.763 0.0193134198  
      8150    282.582 0.0191907355  
      8200    282.400 0.0190681742  
      8250    282.217 0.0189457371  
      8300    282.034 0.0188234256  
      8350    281.851 0.0187012411  
      8400    281.668 0.0185791849  
      8450    281.484 0.0184572583  
      8500    281.300 0.0183354628  
      8550    281.116 0.0182137998  
      8600    280.931 0.0180922706  
      8650    280.746 0.0179708768  
      8700    280.561 0.0178496198  
      8750    280.375 0.0177285011  
      8800    280.189 0.0176075221  
      8850    280.003 0.0174866845  
      8900    279.816 0.0173659897  
      8950    279.629 0.0172454392  
      9000    279.441 0.0171250348  
      9050    279.254 0.0170047779  
      9100    279.065 0.0168846702  
      9150    278.877 0.0167647134  
      9200    278.688 0.0166449090  
      9250    278.498 0.0165252588  
      9300    278.309 0.0164057645  
      9350    278.118 0.0162864278  
      9400    277.928 0.0161672504  
      9450    277.737 0.0160482341  
      9500    277.546 0.0159293808  
      9550    277.354 0.0158106922  
      9600    277.162 0.0156921702  
      9650    276.969 0.0155738166  
      9700    276.776 0.0154556333  
      9750    276.582 0.0153376224  
      9800    276.389 0.0152197856  
      9850    276.194 0.0151021249  
      9900    275.999 0.0149846425  
      9950    275.804 0.0148673402  
     10000    275.608 0.0147502201  
     10050    275.412 0.0146332844  
     10100    275.216 0.0145165350  
     10150    275.019 0.0143999742  
     10200    274.821 0.0142836041  
     10250    274.623 0.0141674269  
     10300    274.424 0.0140514449  
     10350    274.225 0.0139356602  
     10400    274.026 0.0138200751  
     10450    273.826 0.0137046920  
     10500    273.625 0.0135895133  
     10550    273.424 0.0134745412  
     10600    273.223 0.0133597782  
     10650    273.036 0.0132602205  
     10700    272.856 0.0131675603  
     10750    272.676 0.0130750544  
     10800    272.497 0.0129827052  
     10850    272.317 0.0128905152  
     10900    272.138 0.0127984865  
     10950    271.958 0.0127066212  
     11000    271.779 0.0126149218  
     11050    271.600 0.0125233902  
     11100    271.421 0.0124320289  
     11150    271.242 0.0123408399  
     11200    271.063 0.0122498253  
     11250    270.884 0.0121589874  
     11300    270.705 0.0120683281  
     11350    270.527 0.0119778497  
     11400    270.348 0.0118875542  
     11450    270.169 0.0117974437  
     11500    269.991 0.0117075201  
     11550    269.812 0.0116177856  
     11600    269.633 0.0115282421  
     11650    269.455 0.0114388917  
     11700    269.276 0.0113497364  
     11750    269.098 0.0112607781  
     11800    268.919 0.0111720189  
     11850    268.741 0.0110834606  
     11900    268.562 0.0109951052  
     11950    268.384 0.0109069548  
     12000    268.205 0.0108190112  
     12050    268.027 0.0107312763  
     12100    267.848 0.0106437521  
     12150    267.670 0.0105564406  
     12200    267.491 0.0104693435  
     12250    267.313 0.0103824629  
     12300    267.134 0.0102958006  
     12350    266.955 0.0102093585  
     12400    266.777 0.0101231386  
     12450    266.598 0.0100371427  
     12500    266.419 0.0099513728  
     12550    266.240 0.0098658306  
     12600    266.061 0.0097805182  
     12650    265.882 0.0096954374  
     12700    265.703 0.0096105900  
     12750    265.524 0.0095259780  
     12800    265.345 0.0094416033  
     12850    265.166 0.0093574678  
     12900    264.986 0.0092735733  
     12950    264.807 0.0091899217  
     13000    264.627 0.0091065150  
     13050    264.447 0.0090233550  
     13100    264.268 0.0089404437  
     13150    264.088 0.0088577829  
     13200    263.908 0.0087753746  
     13250    263.727 0.0086932206  
     13300    263.547 0.0086113229  
     13350    263.367 0.0085296835  
     13400    263.186 0.0084483041  
     13450    263.005 0.0083671869  
     13500    262.825 0.0082863336  
     13550    262.644 0.0082057463  
     13600    262.463 0.0081254269  
     13650    262.281 0.0080453773  
     13700    262.100 0.0079655996  
     13750    261.918 0.0078860956  
     13800    261.736 0.0078068674  
     13850    261.554 0.0077279169  
     13900    261.372 0.0076492462  
     13950    261.190 0.0075708573  
     14000    261.007 0.0074927521  
     14050    260.824 0.0074149326  
     14100    260.642 0.0073374010  
     14150    260.458 0.0072601592  
     14200    260.275 0.0071832092  
     14250    260.091 0.0071065532  
     14300    259.908 0.0070301932  
     14350    259.724 0.0069541312  
     14400    259.539 0.0068783694  
     14450    259.355 0.0068029098  
     14500    259.170 0.0067277545  
     14550    258.985 0.0066529057  
     14600    258.800 0.0065783655  
     14650    258.614 0.0065041359  
     14700    258.429 0.0064302192  
     14750    258.243 0.0063566175  
     14800    258.056 0.0062833330  
     14850    257.870 0.0062103678  
     14900    257.683 0.0061377242  
     14950    257.496 0.0060654043  
     15000    257.308 0.0059934103  
     15050    257.121 0.0059217444  
     15100    256.933 0.0058504089  
     15150    256.744 0.0057794061  
     15200    256.556 0.0057087381  
     15250    256.367 0.0056384072  
     15300    256.178 0.0055684158  
     15350    255.988 0.0054987660  
     15400    255.798 0.0054294602  
     15450    255.608 0.0053605007  
     15500    255.417 0.0052918898  
     15550    255.226 0.0052236299  
     15600    255.035 0.0051557232  
     15650    254.843 0.0050881721  
     15700    254.651 0.0050209789  
     15750    254.459 0.0049541461  
     15800    254.266 0.0048876760  
     15850    254.073 0.0048215709  
     15900    253.879 0.0047558334  
     15950    253.685 0.0046904657  
     16000    253.491 0.0046254702  
     16050    253.296 0.0045608495  
     16100    253.082 0.0044912984  
     16150    252.823 0.0044101375  
     16200    252.563 0.0043295627  
     16250    252.301 0.0042495820  
     16300    252.037 0.0041702034  
     16350    251.772 0.0040914350  
     16400    251.504 0.0040132848  
     16450    251.235 0.0039357611  
     16500    250.965 0.0038588721  
     16550    250.692 0.0037826260  
     16600    250.418 0.0037070311  
     16650    250.141 0.0036320958  
     16700    249.863 0.0035578284  
     16750    249.583 0.0034842373  
     16800    249.301 0.0034113308  
     16850    249.017 0.0033391175  
     16900    248.731 0.0032676057  
     16950    248.443 0.0031968037  
     17000    248.153 0.0031267200  
     17050    247.861 0.0030573630  
     17100    247.567 0.0029887408  
     17150    247.271 0.0029208618  
     17200    246.972 0.0028537343  
     17250    246.672 0.0027873662  
     17300    246.369 0.0027217658  
     17350    246.064 0.0026569409  
     17400    245.757 0.0025928994  
     17450    245.448 0.0025296492  
     17500    245.136 0.0024671977  
     17550    244.822 0.0024055525  
     17600    244.506 0.0023447209  
     17650    244.187 0.0022847101  
     17700    243.866 0.0022255269  
     17750    243.543 0.0021671781  
     17800    243.217 0.0021096704  
     17850    242.889 0.0020530099  
     17900    242.559 0.0019972026  
     17950    242.226 0.0019422544  
     18000    241.891 0.0018881708  
