Moist adiabatic profiles SST=338 
 z(m)  T(K)  qv(kg/kg) 
         0    337.000 0.1530166001  
        50    336.511 0.1530166001  
       100    336.023 0.1530166001  
       150    335.534 0.1530166001  
       200    335.046 0.1530166001  
       250    334.557 0.1530166001  
       300    334.069 0.1530166001  
       350    333.580 0.1530166001  
       400    333.092 0.1530166001  
       450    332.603 0.1530166001  
       500    332.115 0.1530166001  
       550    331.945 0.1528890706  
       600    331.818 0.1527443095  
       650    331.692 0.1525995293  
       700    331.565 0.1524547300  
       750    331.439 0.1523099116  
       800    331.312 0.1521650742  
       850    331.186 0.1520202177  
       900    331.060 0.1518753421  
       950    330.934 0.1517304475  
      1000    330.807 0.1515855340  
      1050    330.681 0.1514406014  
      1100    330.555 0.1512956499  
      1150    330.429 0.1511506795  
      1200    330.303 0.1510056901  
      1250    330.177 0.1508606819  
      1300    330.051 0.1507156547  
      1350    329.925 0.1505706087  
      1400    329.799 0.1504255439  
      1450    329.674 0.1502804602  
      1500    329.548 0.1501353577  
      1550    329.422 0.1499902364  
      1600    329.297 0.1498450963  
      1650    329.171 0.1496999375  
      1700    329.045 0.1495547599  
      1750    328.920 0.1494095637  
      1800    328.794 0.1492643487  
      1850    328.669 0.1491191150  
      1900    328.544 0.1489738627  
      1950    328.418 0.1488285918  
      2000    328.293 0.1486833022  
      2050    328.168 0.1485379940  
      2100    328.043 0.1483926673  
      2150    327.918 0.1482473219  
      2200    327.793 0.1481019581  
      2250    327.668 0.1479565757  
      2300    327.543 0.1478111747  
      2350    327.418 0.1476657553  
      2400    327.293 0.1475203175  
      2450    327.168 0.1473748611  
      2500    327.043 0.1472293864  
      2550    326.918 0.1470838932  
      2600    326.794 0.1469383816  
      2650    326.669 0.1467928517  
      2700    326.544 0.1466473033  
      2750    326.420 0.1465017367  
      2800    326.295 0.1463561517  
      2850    326.171 0.1462105484  
      2900    326.046 0.1460649269  
      2950    325.922 0.1459192871  
      3000    325.798 0.1457736290  
      3050    325.673 0.1456279527  
      3100    325.549 0.1454822582  
      3150    325.425 0.1453365455  
      3200    325.301 0.1451908147  
      3250    325.177 0.1450450657  
      3300    325.052 0.1448992985  
      3350    324.928 0.1447535133  
      3400    324.804 0.1446077099  
      3450    324.681 0.1444618885  
      3500    324.557 0.1443160491  
      3550    324.433 0.1441701916  
      3600    324.309 0.1440243161  
      3650    324.185 0.1438784226  
      3700    324.062 0.1437325111  
      3750    323.938 0.1435865816  
      3800    323.814 0.1434406342  
      3850    323.691 0.1432946689  
      3900    323.567 0.1431486858  
      3950    323.444 0.1430026847  
      4000    323.320 0.1428566657  
      4050    323.197 0.1427106290  
      4100    323.073 0.1425645744  
      4150    322.950 0.1424185019  
      4200    322.827 0.1422724118  
      4250    322.704 0.1421263038  
      4300    322.580 0.1419801781  
      4350    322.457 0.1418340347  
      4400    322.334 0.1416878736  
      4450    322.211 0.1415416947  
      4500    322.088 0.1413954983  
      4550    321.965 0.1412492841  
      4600    321.842 0.1411030524  
      4650    321.720 0.1409568030  
      4700    321.597 0.1408105361  
      4750    321.474 0.1406642516  
      4800    321.351 0.1405179495  
      4850    321.228 0.1403716299  
      4900    321.106 0.1402252928  
      4950    320.983 0.1400789382  
      5000    320.861 0.1399325661  
      5050    320.738 0.1397861766  
      5100    320.616 0.1396397697  
      5150    320.493 0.1394933453  
      5200    320.371 0.1393469035  
      5250    320.249 0.1392004444  
      5300    320.126 0.1390539680  
      5350    320.004 0.1389074741  
      5400    319.882 0.1387609630  
      5450    319.760 0.1386144346  
      5500    319.637 0.1384678889  
      5550    319.515 0.1383213260  
      5600    319.393 0.1381747458  
      5650    319.271 0.1380281485  
      5700    319.149 0.1378815339  
      5750    319.028 0.1377349021  
      5800    318.906 0.1375882532  
      5850    318.784 0.1374415872  
      5900    318.662 0.1372949041  
      5950    318.540 0.1371482038  
      6000    318.419 0.1370014865  
      6050    318.297 0.1368547522  
      6100    318.175 0.1367080008  
      6150    318.054 0.1365612324  
      6200    317.932 0.1364144470  
      6250    317.811 0.1362676446  
      6300    317.689 0.1361208253  
      6350    317.568 0.1359739891  
      6400    317.447 0.1358271359  
      6450    317.325 0.1356802659  
      6500    317.204 0.1355333790  
      6550    317.083 0.1353864752  
      6600    316.962 0.1352395546  
      6650    316.840 0.1350926172  
      6700    316.719 0.1349456630  
      6750    316.598 0.1347986921  
      6800    316.477 0.1346517044  
      6850    316.356 0.1345046999  
      6900    316.235 0.1343576788  
      6950    316.114 0.1342106410  
      7000    315.994 0.1340635865  
      7050    315.873 0.1339165153  
      7100    315.752 0.1337694276  
      7150    315.631 0.1336223232  
      7200    315.511 0.1334752023  
      7250    315.390 0.1333280648  
      7300    315.269 0.1331809107  
      7350    315.149 0.1330337402  
      7400    315.028 0.1328865531  
      7450    314.908 0.1327393496  
      7500    314.787 0.1325921296  
      7550    314.667 0.1324448931  
      7600    314.547 0.1322976403  
      7650    314.426 0.1321503710  
      7700    314.306 0.1320030854  
      7750    314.186 0.1318557835  
      7800    314.066 0.1317084651  
      7850    313.945 0.1315611305  
      7900    313.825 0.1314137796  
      7950    313.705 0.1312664124  
      8000    313.585 0.1311190290  
      8050    313.465 0.1309716294  
      8100    313.345 0.1308242135  
      8150    313.225 0.1306767815  
      8200    313.106 0.1305293333  
      8250    312.986 0.1303818689  
      8300    312.866 0.1302343885  
      8350    312.746 0.1300868919  
      8400    312.626 0.1299393793  
      8450    312.507 0.1297918506  
      8500    312.387 0.1296443058  
      8550    312.268 0.1294967451  
      8600    312.148 0.1293491684  
      8650    312.029 0.1292015757  
      8700    311.909 0.1290539670  
      8750    311.790 0.1289063424  
      8800    311.670 0.1287587019  
      8850    311.551 0.1286110456  
      8900    311.432 0.1284633733  
      8950    311.312 0.1283156852  
      9000    311.193 0.1281679813  
      9050    311.074 0.1280202617  
      9100    310.955 0.1278725262  
      9150    310.836 0.1277247750  
      9200    310.717 0.1275770080  
      9250    310.598 0.1274292253  
      9300    310.479 0.1272814270  
      9350    310.360 0.1271336130  
      9400    310.241 0.1269857833  
      9450    310.122 0.1268379380  
      9500    310.003 0.1266900771  
      9550    309.884 0.1265422007  
      9600    309.765 0.1263943086  
      9650    309.647 0.1262464011  
      9700    309.528 0.1260984780  
      9750    309.409 0.1259505395  
      9800    309.291 0.1258025854  
      9850    309.172 0.1256546160  
      9900    309.054 0.1255066311  
      9950    308.935 0.1253586308  
     10000    308.817 0.1252106151  
     10050    308.698 0.1250625841  
     10100    308.580 0.1249145377  
     10150    308.462 0.1247664761  
     10200    308.343 0.1246183991  
     10250    308.225 0.1244703069  
     10300    308.107 0.1243221994  
     10350    307.989 0.1241740767  
     10400    307.871 0.1240259389  
     10450    307.752 0.1238777858  
     10500    307.634 0.1237296176  
     10550    307.516 0.1235814342  
     10600    307.398 0.1234332358  
     10650    307.280 0.1232850223  
     10700    307.163 0.1231367937  
     10750    307.045 0.1229885500  
     10800    306.927 0.1228402914  
     10850    306.809 0.1226920178  
     10900    306.691 0.1225437291  
     10950    306.574 0.1223954256  
     11000    306.456 0.1222471071  
     11050    306.338 0.1220987737  
     11100    306.221 0.1219504255  
     11150    306.103 0.1218020624  
     11200    305.985 0.1216536844  
     11250    305.868 0.1215052917  
     11300    305.750 0.1213568842  
     11350    305.633 0.1212084619  
     11400    305.516 0.1210600249  
     11450    305.398 0.1209115731  
     11500    305.281 0.1207631067  
     11550    305.164 0.1206146256  
     11600    305.046 0.1204661299  
     11650    304.929 0.1203176195  
     11700    304.812 0.1201690946  
     11750    304.695 0.1200205550  
     11800    304.578 0.1198720010  
     11850    304.461 0.1197234324  
     11900    304.344 0.1195748493  
     11950    304.227 0.1194262517  
     12000    304.110 0.1192776397  
     12050    303.993 0.1191290132  
     12100    303.876 0.1189803724  
     12150    303.759 0.1188317171  
     12200    303.642 0.1186830475  
     12250    303.526 0.1185343636  
     12300    303.409 0.1183856654  
     12350    303.292 0.1182369529  
     12400    303.175 0.1180882261  
     12450    303.059 0.1179394851  
     12500    302.942 0.1177907299  
     12550    302.826 0.1176419604  
     12600    302.709 0.1174931769  
     12650    302.593 0.1173443792  
     12700    302.476 0.1171955673  
     12750    302.360 0.1170467414  
     12800    302.243 0.1168979014  
     12850    302.127 0.1167490474  
     12900    302.011 0.1166001794  
     12950    301.894 0.1164512974  
     13000    301.778 0.1163024014  
     13050    301.662 0.1161534915  
     13100    301.546 0.1160045676  
     13150    301.430 0.1158556299  
     13200    301.313 0.1157066783  
     13250    301.197 0.1155577129  
     13300    301.081 0.1154087336  
     13350    300.965 0.1152597406  
     13400    300.849 0.1151107338  
     13450    300.733 0.1149617132  
     13500    300.618 0.1148126790  
     13550    300.502 0.1146636310  
     13600    300.386 0.1145145694  
     13650    300.270 0.1143654942  
     13700    300.154 0.1142164053  
     13750    300.039 0.1140673028  
     13800    299.923 0.1139181868  
     13850    299.807 0.1137690573  
     13900    299.692 0.1136199142  
     13950    299.576 0.1134707577  
     14000    299.460 0.1133215877  
     14050    299.345 0.1131724042  
     14100    299.229 0.1130232074  
     14150    299.114 0.1128739972  
     14200    298.999 0.1127247736  
     14250    298.883 0.1125755367  
     14300    298.768 0.1124262865  
     14350    298.652 0.1122770230  
     14400    298.537 0.1121277462  
     14450    298.422 0.1119784563  
     14500    298.307 0.1118291531  
     14550    298.191 0.1116798368  
     14600    298.076 0.1115305073  
     14650    297.961 0.1113811647  
     14700    297.846 0.1112318090  
     14750    297.731 0.1110824403  
     14800    297.616 0.1109330585  
     14850    297.501 0.1107836637  
     14900    297.386 0.1106342559  
     14950    297.271 0.1104848351  
     15000    297.156 0.1103354015  
     15050    297.041 0.1101859549  
     15100    296.926 0.1100364954  
     15150    296.812 0.1098870231  
     15200    296.697 0.1097375380  
     15250    296.582 0.1095880400  
     15300    296.467 0.1094385293  
     15350    296.353 0.1092890059  
     15400    296.238 0.1091394697  
     15450    296.123 0.1089899209  
     15500    296.009 0.1088403593  
     15550    295.894 0.1086907852  
     15600    295.780 0.1085411985  
     15650    295.665 0.1083915991  
     15700    295.551 0.1082419873  
     15750    295.436 0.1080923629  
     15800    295.322 0.1079427260  
     15850    295.208 0.1077930766  
     15900    295.093 0.1076434148  
     15950    294.979 0.1074937406  
     16000    294.865 0.1073440540  
     16050    294.751 0.1071943551  
     16100    294.636 0.1070446438  
     16150    294.522 0.1068949203  
     16200    294.408 0.1067451844  
     16250    294.294 0.1065954364  
     16300    294.180 0.1064456761  
     16350    294.066 0.1062959036  
     16400    293.952 0.1061461190  
     16450    293.838 0.1059963223  
     16500    293.724 0.1058465134  
     16550    293.610 0.1056966925  
     16600    293.496 0.1055468595  
     16650    293.382 0.1053970146  
     16700    293.268 0.1052471576  
     16750    293.154 0.1050972887  
     16800    293.041 0.1049474079  
     16850    292.927 0.1047975152  
     16900    292.813 0.1046476106  
     16950    292.699 0.1044976942  
     17000    292.586 0.1043477659  
     17050    292.472 0.1041978259  
     17100    292.359 0.1040478742  
     17150    292.245 0.1038979107  
     17200    292.131 0.1037479355  
     17250    292.018 0.1035979487  
     17300    291.904 0.1034479502  
     17350    291.791 0.1032979402  
     17400    291.678 0.1031479186  
     17450    291.564 0.1029978854  
     17500    291.451 0.1028478408  
     17550    291.337 0.1026977846  
     17600    291.224 0.1025477170  
     17650    291.111 0.1023976380  
     17700    290.998 0.1022475476  
     17750    290.884 0.1020974458  
     17800    290.771 0.1019473328  
     17850    290.658 0.1017972084  
     17900    290.545 0.1016470727  
     17950    290.432 0.1014969258  
     18000    290.319 0.1013467678  
