Moist adiabatic profiles SST=312 
 z(m)  T(K)  qv(kg/kg) 
         0    311.000 0.0346348011  
        50    310.511 0.0346348011  
       100    310.023 0.0346348011  
       150    309.534 0.0346348011  
       200    309.046 0.0346348011  
       250    308.557 0.0346348011  
       300    308.069 0.0346348011  
       350    307.580 0.0346348011  
       400    307.092 0.0346348011  
       450    306.603 0.0346348011  
       500    306.174 0.0346109628  
       550    306.011 0.0344807629  
       600    305.848 0.0343505991  
       650    305.685 0.0342204719  
       700    305.522 0.0340903816  
       750    305.358 0.0339603287  
       800    305.195 0.0338303134  
       850    305.031 0.0337003363  
       900    304.868 0.0335703977  
       950    304.704 0.0334404979  
      1000    304.540 0.0333106375  
      1050    304.376 0.0331808167  
      1100    304.212 0.0330510361  
      1150    304.048 0.0329212960  
      1200    303.884 0.0327915968  
      1250    303.719 0.0326619390  
      1300    303.555 0.0325323230  
      1350    303.390 0.0324027492  
      1400    303.226 0.0322732180  
      1450    303.061 0.0321437299  
      1500    302.896 0.0320142854  
      1550    302.731 0.0318848847  
      1600    302.566 0.0317555285  
      1650    302.401 0.0316262172  
      1700    302.235 0.0314969511  
      1750    302.070 0.0313677309  
      1800    301.904 0.0312385568  
      1850    301.739 0.0311094295  
      1900    301.573 0.0309803493  
      1950    301.407 0.0308513168  
      2000    301.241 0.0307223325  
      2050    301.075 0.0305933967  
      2100    300.908 0.0304645100  
      2150    300.742 0.0303356730  
      2200    300.576 0.0302068860  
      2250    300.409 0.0300781496  
      2300    300.242 0.0299494644  
      2350    300.075 0.0298208307  
      2400    299.908 0.0296922492  
      2450    299.741 0.0295637204  
      2500    299.574 0.0294352448  
      2550    299.406 0.0293068228  
      2600    299.239 0.0291784552  
      2650    299.071 0.0290501423  
      2700    298.903 0.0289218848  
      2750    298.735 0.0287936832  
      2800    298.567 0.0286655380  
      2850    298.399 0.0285374499  
      2900    298.230 0.0284094194  
      2950    298.062 0.0282814470  
      3000    297.893 0.0281535334  
      3050    297.724 0.0280256791  
      3100    297.555 0.0278978848  
      3150    297.386 0.0277701509  
      3200    297.217 0.0276424782  
      3250    297.047 0.0275148673  
      3300    296.878 0.0273873187  
      3350    296.708 0.0272598331  
      3400    296.538 0.0271324110  
      3450    296.368 0.0270050533  
      3500    296.197 0.0268777604  
      3550    296.027 0.0267505330  
      3600    295.856 0.0266233718  
      3650    295.686 0.0264962774  
      3700    295.515 0.0263692506  
      3750    295.344 0.0262422920  
      3800    295.172 0.0261154022  
      3850    295.001 0.0259885819  
      3900    294.829 0.0258618319  
      3950    294.658 0.0257351529  
      4000    294.486 0.0256085455  
      4050    294.313 0.0254820105  
      4100    294.141 0.0253555486  
      4150    293.969 0.0252291605  
      4200    293.796 0.0251028470  
      4250    293.623 0.0249766088  
      4300    293.450 0.0248504466  
      4350    293.277 0.0247243613  
      4400    293.103 0.0245983537  
      4450    292.929 0.0244724244  
      4500    292.756 0.0243465742  
      4550    292.581 0.0242208041  
      4600    292.407 0.0240951147  
      4650    292.233 0.0239695069  
      4700    292.058 0.0238439815  
      4750    291.883 0.0237185394  
      4800    291.708 0.0235931813  
      4850    291.533 0.0234679082  
      4900    291.357 0.0233427208  
      4950    291.181 0.0232176201  
      5000    291.006 0.0230926069  
      5050    290.829 0.0229676822  
      5100    290.653 0.0228428468  
      5150    290.476 0.0227181015  
      5200    290.299 0.0225934475  
      5250    290.122 0.0224688855  
      5300    289.945 0.0223444165  
      5350    289.767 0.0222200414  
      5400    289.590 0.0220957613  
      5450    289.412 0.0219715770  
      5500    289.233 0.0218474896  
      5550    289.055 0.0217235000  
      5600    288.876 0.0215996093  
      5650    288.697 0.0214758184  
      5700    288.518 0.0213521285  
      5750    288.338 0.0212285404  
      5800    288.158 0.0211050554  
      5850    287.978 0.0209816744  
      5900    287.798 0.0208583985  
      5950    287.618 0.0207352288  
      6000    287.437 0.0206121663  
      6050    287.256 0.0204892123  
      6100    287.074 0.0203663679  
      6150    286.893 0.0202436340  
      6200    286.711 0.0201210121  
      6250    286.528 0.0199985031  
      6300    286.346 0.0198761082  
      6350    286.163 0.0197538287  
      6400    285.980 0.0196316658  
      6450    285.797 0.0195096207  
      6500    285.613 0.0193876946  
      6550    285.429 0.0192658887  
      6600    285.245 0.0191442044  
      6650    285.060 0.0190226429  
      6700    284.875 0.0189012055  
      6750    284.690 0.0187798935  
      6800    284.504 0.0186587083  
      6850    284.319 0.0185376512  
      6900    284.132 0.0184167235  
      6950    283.946 0.0182959266  
      7000    283.759 0.0181752620  
      7050    283.572 0.0180547311  
      7100    283.384 0.0179343351  
      7150    283.196 0.0178140757  
      7200    283.008 0.0176939543  
      7250    282.820 0.0175739724  
      7300    282.631 0.0174541314  
      7350    282.442 0.0173344328  
      7400    282.252 0.0172148783  
      7450    282.062 0.0170954694  
      7500    281.872 0.0169762077  
      7550    281.681 0.0168570947  
      7600    281.490 0.0167381320  
      7650    281.298 0.0166193214  
      7700    281.107 0.0165006645  
      7750    280.914 0.0163821629  
      7800    280.722 0.0162638183  
      7850    280.529 0.0161456326  
      7900    280.335 0.0160276074  
      7950    280.141 0.0159097444  
      8000    279.947 0.0157920456  
      8050    279.752 0.0156745127  
      8100    279.557 0.0155571475  
      8150    279.362 0.0154399520  
      8200    279.166 0.0153229279  
      8250    278.969 0.0152060773  
      8300    278.773 0.0150894020  
      8350    278.575 0.0149729040  
      8400    278.378 0.0148565853  
      8450    278.180 0.0147404479  
      8500    277.981 0.0146244939  
      8550    277.782 0.0145087254  
      8600    277.582 0.0143931443  
      8650    277.382 0.0142777529  
      8700    277.182 0.0141625533  
      8750    276.981 0.0140475477  
      8800    276.779 0.0139327383  
      8850    276.577 0.0138181274  
      8900    276.375 0.0137037171  
      8950    276.172 0.0135895099  
      9000    275.968 0.0134755080  
      9050    275.764 0.0133617138  
      9100    275.560 0.0132481298  
      9150    275.355 0.0131347582  
      9200    275.149 0.0130216017  
      9250    274.943 0.0129086627  
      9300    274.736 0.0127959454  
      9350    274.529 0.0126834506  
      9400    274.321 0.0125711809  
      9450    274.113 0.0124591389  
      9500    273.904 0.0123473274  
      9550    273.694 0.0122357490  
      9600    273.484 0.0121244065  
      9650    273.273 0.0120133027  
      9700    273.072 0.0119115164  
      9750    272.883 0.0118204585  
      9800    272.694 0.0117295763  
      9850    272.506 0.0116388725  
      9900    272.317 0.0115483496  
      9950    272.128 0.0114580103  
     10000    271.939 0.0113678570  
     10050    271.751 0.0112778923  
     10100    271.562 0.0111881189  
     10150    271.374 0.0110985391  
     10200    271.185 0.0110091555  
     10250    270.997 0.0109199705  
     10300    270.809 0.0108309865  
     10350    270.620 0.0107422060  
     10400    270.432 0.0106536313  
     10450    270.244 0.0105652649  
     10500    270.055 0.0104771091  
     10550    269.867 0.0103891663  
     10600    269.679 0.0103014387  
     10650    269.490 0.0102139288  
     10700    269.302 0.0101266388  
     10750    269.114 0.0100395710  
     10800    268.926 0.0099527277  
     10850    268.737 0.0098661112  
     10900    268.549 0.0097797237  
     10950    268.360 0.0096935675  
     11000    268.172 0.0096076449  
     11050    267.983 0.0095219581  
     11100    267.795 0.0094365094  
     11150    267.606 0.0093513009  
     11200    267.417 0.0092663348  
     11250    267.229 0.0091816135  
     11300    267.040 0.0090971392  
     11350    266.851 0.0090129139  
     11400    266.662 0.0089289400  
     11450    266.473 0.0088452197  
     11500    266.283 0.0087617551  
     11550    266.094 0.0086785485  
     11600    265.905 0.0085956021  
     11650    265.715 0.0085129181  
     11700    265.525 0.0084304986  
     11750    265.335 0.0083483459  
     11800    265.146 0.0082664623  
     11850    264.955 0.0081848498  
     11900    264.765 0.0081035107  
     11950    264.575 0.0080224473  
     12000    264.384 0.0079416618  
     12050    264.194 0.0078611563  
     12100    264.003 0.0077809331  
     12150    263.812 0.0077009944  
     12200    263.621 0.0076213425  
     12250    263.429 0.0075419796  
     12300    263.238 0.0074629079  
     12350    263.046 0.0073841297  
     12400    262.854 0.0073056473  
     12450    262.662 0.0072274629  
     12500    262.469 0.0071495787  
     12550    262.277 0.0070719971  
     12600    262.084 0.0069947204  
     12650    261.891 0.0069177507  
     12700    261.698 0.0068410905  
     12750    261.504 0.0067647420  
     12800    261.310 0.0066887075  
     12850    261.116 0.0066129894  
     12900    260.922 0.0065375900  
     12950    260.728 0.0064625116  
     13000    260.533 0.0063877565  
     13050    260.338 0.0063133272  
     13100    260.142 0.0062392260  
     13150    259.947 0.0061654553  
     13200    259.751 0.0060920174  
     13250    259.555 0.0060189147  
     13300    259.358 0.0059461497  
     13350    259.161 0.0058737247  
     13400    258.964 0.0058016422  
     13450    258.767 0.0057299046  
     13500    258.569 0.0056585143  
     13550    258.371 0.0055874739  
     13600    258.172 0.0055167856  
     13650    257.974 0.0054464521  
     13700    257.775 0.0053764758  
     13750    257.575 0.0053068591  
     13800    257.375 0.0052376046  
     13850    257.175 0.0051687148  
     13900    256.974 0.0051001922  
     13950    256.773 0.0050320392  
     14000    256.572 0.0049642586  
     14050    256.370 0.0048968526  
     14100    256.168 0.0048298240  
     14150    255.966 0.0047631753  
     14200    255.763 0.0046969090  
     14250    255.559 0.0046310277  
     14300    255.355 0.0045655339  
     14350    255.151 0.0045004303  
     14400    254.947 0.0044357195  
     14450    254.741 0.0043714039  
     14500    254.536 0.0043074863  
     14550    254.330 0.0042439692  
     14600    254.123 0.0041808553  
     14650    253.916 0.0041181471  
     14700    253.709 0.0040558472  
     14750    253.501 0.0039939583  
     14800    253.292 0.0039324830  
     14850    253.060 0.0038658997  
     14900    252.786 0.0037903044  
     14950    252.509 0.0037153519  
     15000    252.231 0.0036410504  
     15050    251.951 0.0035674077  
     15100    251.670 0.0034944320  
     15150    251.386 0.0034221314  
     15200    251.100 0.0033505139  
     15250    250.813 0.0032795876  
     15300    250.523 0.0032093606  
     15350    250.231 0.0031398408  
     15400    249.938 0.0030710364  
     15450    249.642 0.0030029552  
     15500    249.344 0.0029356052  
     15550    249.044 0.0028689943  
     15600    248.742 0.0028031302  
     15650    248.438 0.0027380206  
     15700    248.132 0.0026736732  
     15750    247.824 0.0026100955  
     15800    247.513 0.0025472949  
     15850    247.200 0.0024852787  
     15900    246.885 0.0024240540  
     15950    246.568 0.0023636277  
     16000    246.248 0.0023040068  
     16050    245.926 0.0022451977  
     16100    245.602 0.0021872071  
     16150    245.275 0.0021300410  
     16200    244.946 0.0020737055  
     16250    244.615 0.0020182063  
     16300    244.281 0.0019635489  
     16350    243.945 0.0019097386  
     16400    243.606 0.0018567802  
     16450    243.265 0.0018046784  
     16500    242.922 0.0017534375  
     16550    242.576 0.0017030614  
     16600    242.228 0.0016535537  
     16650    241.877 0.0016049177  
     16700    241.524 0.0015571563  
     16750    241.168 0.0015102717  
     16800    240.810 0.0014642662  
     16850    240.449 0.0014191413  
     16900    240.086 0.0013748981  
     16950    239.720 0.0013315374  
     17000    239.352 0.0012890593  
     17050    238.981 0.0012474637  
     17100    238.608 0.0012067498  
     17150    238.232 0.0011669162  
     17200    237.854 0.0011279614  
     17250    237.473 0.0010898829  
     17300    237.090 0.0010526781  
     17350    236.705 0.0010163435  
     17400    236.317 0.0009808754  
     17450    235.926 0.0009462693  
     17500    235.533 0.0009125203  
     17550    235.138 0.0008796230  
     17600    234.740 0.0008475712  
     17650    234.340 0.0008163587  
     17700    233.937 0.0007859782  
     17750    233.533 0.0007564222  
     17800    233.125 0.0007276826  
     17850    232.716 0.0006997510  
     17900    232.304 0.0006726182  
     17950    231.890 0.0006462747  
     18000    231.474 0.0006207105  
