Moist adiabatic profiles SST=320 
 z(m)  T(K)  qv(kg/kg) 
         0    319.000 0.0547528657  
        50    318.511 0.0547528657  
       100    318.023 0.0547528657  
       150    317.534 0.0547528657  
       200    317.046 0.0547528657  
       250    316.557 0.0547528657  
       300    316.069 0.0547528657  
       350    315.580 0.0547528657  
       400    315.092 0.0547528657  
       450    314.603 0.0547528657  
       500    314.115 0.0547528657  
       550    313.919 0.0546357557  
       600    313.773 0.0544988156  
       650    313.627 0.0543618792  
       700    313.480 0.0542249468  
       750    313.334 0.0540880184  
       800    313.188 0.0539510942  
       850    313.042 0.0538141744  
       900    312.896 0.0536772589  
       950    312.749 0.0535403481  
      1000    312.603 0.0534034420  
      1050    312.457 0.0532665407  
      1100    312.311 0.0531296445  
      1150    312.164 0.0529927534  
      1200    312.018 0.0528558676  
      1250    311.872 0.0527189872  
      1300    311.726 0.0525821124  
      1350    311.579 0.0524452433  
      1400    311.433 0.0523083801  
      1450    311.287 0.0521715228  
      1500    311.140 0.0520346718  
      1550    310.994 0.0518978270  
      1600    310.847 0.0517609886  
      1650    310.701 0.0516241569  
      1700    310.555 0.0514873319  
      1750    310.408 0.0513505138  
      1800    310.262 0.0512137028  
      1850    310.115 0.0510768990  
      1900    309.969 0.0509401025  
      1950    309.822 0.0508033135  
      2000    309.676 0.0506665322  
      2050    309.529 0.0505297588  
      2100    309.382 0.0503929933  
      2150    309.236 0.0502562359  
      2200    309.089 0.0501194869  
      2250    308.943 0.0499827463  
      2300    308.796 0.0498460143  
      2350    308.649 0.0497092911  
      2400    308.503 0.0495725769  
      2450    308.356 0.0494358718  
      2500    308.209 0.0492991760  
      2550    308.062 0.0491624896  
      2600    307.916 0.0490258129  
      2650    307.769 0.0488891459  
      2700    307.622 0.0487524889  
      2750    307.475 0.0486158421  
      2800    307.328 0.0484792055  
      2850    307.181 0.0483425794  
      2900    307.034 0.0482059640  
      2950    306.887 0.0480693594  
      3000    306.740 0.0479327658  
      3050    306.593 0.0477961834  
      3100    306.446 0.0476596124  
      3150    306.299 0.0475230529  
      3200    306.152 0.0473865051  
      3250    306.005 0.0472499693  
      3300    305.858 0.0471134456  
      3350    305.710 0.0469769341  
      3400    305.563 0.0468404351  
      3450    305.416 0.0467039488  
      3500    305.269 0.0465674754  
      3550    305.121 0.0464310150  
      3600    304.974 0.0462945678  
      3650    304.826 0.0461581341  
      3700    304.679 0.0460217139  
      3750    304.531 0.0458853077  
      3800    304.384 0.0457489154  
      3850    304.236 0.0456125374  
      3900    304.089 0.0454761738  
      3950    303.941 0.0453398248  
      4000    303.794 0.0452034906  
      4050    303.646 0.0450671715  
      4100    303.498 0.0449308676  
      4150    303.350 0.0447945792  
      4200    303.203 0.0446583065  
      4250    303.055 0.0445220496  
      4300    302.907 0.0443858088  
      4350    302.759 0.0442495843  
      4400    302.611 0.0441133763  
      4450    302.463 0.0439771851  
      4500    302.315 0.0438410108  
      4550    302.167 0.0437048537  
      4600    302.019 0.0435687140  
      4650    301.870 0.0434325919  
      4700    301.722 0.0432964877  
      4750    301.574 0.0431604015  
      4800    301.426 0.0430243337  
      4850    301.277 0.0428882844  
      4900    301.129 0.0427522538  
      4950    300.980 0.0426162423  
      5000    300.832 0.0424802500  
      5050    300.683 0.0423442771  
      5100    300.535 0.0422083240  
      5150    300.386 0.0420723909  
      5200    300.237 0.0419364779  
      5250    300.089 0.0418005854  
      5300    299.940 0.0416647136  
      5350    299.791 0.0415288627  
      5400    299.642 0.0413930331  
      5450    299.493 0.0412572249  
      5500    299.344 0.0411214383  
      5550    299.195 0.0409856738  
      5600    299.046 0.0408499314  
      5650    298.897 0.0407142116  
      5700    298.747 0.0405785144  
      5750    298.598 0.0404428403  
      5800    298.449 0.0403071895  
      5850    298.299 0.0401715622  
      5900    298.150 0.0400359587  
      5950    298.000 0.0399003793  
      6000    297.851 0.0397648242  
      6050    297.701 0.0396292938  
      6100    297.551 0.0394937884  
      6150    297.401 0.0393583081  
      6200    297.252 0.0392228533  
      6250    297.102 0.0390874243  
      6300    296.952 0.0389520213  
      6350    296.802 0.0388166447  
      6400    296.651 0.0386812948  
      6450    296.501 0.0385459718  
      6500    296.351 0.0384106760  
      6550    296.201 0.0382754078  
      6600    296.050 0.0381401674  
      6650    295.900 0.0380049552  
      6700    295.749 0.0378697714  
      6750    295.599 0.0377346165  
      6800    295.448 0.0375994906  
      6850    295.297 0.0374643941  
      6900    295.146 0.0373293273  
      6950    294.996 0.0371942906  
      7000    294.845 0.0370592842  
      7050    294.694 0.0369243086  
      7100    294.542 0.0367893639  
      7150    294.391 0.0366544507  
      7200    294.240 0.0365195691  
      7250    294.089 0.0363847195  
      7300    293.937 0.0362499024  
      7350    293.786 0.0361151179  
      7400    293.634 0.0359803665  
      7450    293.482 0.0358456486  
      7500    293.330 0.0357109644  
      7550    293.179 0.0355763143  
      7600    293.027 0.0354416987  
      7650    292.875 0.0353071179  
      7700    292.722 0.0351725724  
      7750    292.570 0.0350380625  
      7800    292.418 0.0349035885  
      7850    292.266 0.0347691508  
      7900    292.113 0.0346347499  
      7950    291.960 0.0345003860  
      8000    291.808 0.0343660596  
      8050    291.655 0.0342317711  
      8100    291.502 0.0340975209  
      8150    291.349 0.0339633093  
      8200    291.196 0.0338291367  
      8250    291.043 0.0336950036  
      8300    290.890 0.0335609104  
      8350    290.736 0.0334268575  
      8400    290.583 0.0332928452  
      8450    290.429 0.0331588741  
      8500    290.276 0.0330249444  
      8550    290.122 0.0328910568  
      8600    289.968 0.0327572115  
      8650    289.814 0.0326234091  
      8700    289.660 0.0324896499  
      8750    289.506 0.0323559344  
      8800    289.351 0.0322222631  
      8850    289.197 0.0320886363  
      8900    289.042 0.0319550546  
      8950    288.888 0.0318215185  
      9000    288.733 0.0316880283  
      9050    288.578 0.0315545845  
      9100    288.423 0.0314211877  
      9150    288.268 0.0312878382  
      9200    288.113 0.0311545366  
      9250    287.957 0.0310212834  
      9300    287.802 0.0308880791  
      9350    287.646 0.0307549240  
      9400    287.491 0.0306218189  
      9450    287.335 0.0304887640  
      9500    287.179 0.0303557601  
      9550    287.023 0.0302228075  
      9600    286.866 0.0300899068  
      9650    286.710 0.0299570585  
      9700    286.554 0.0298242632  
      9750    286.397 0.0296915214  
      9800    286.240 0.0295588336  
      9850    286.083 0.0294262004  
      9900    285.926 0.0292936223  
      9950    285.769 0.0291610998  
     10000    285.612 0.0290286337  
     10050    285.454 0.0288962243  
     10100    285.297 0.0287638724  
     10150    285.139 0.0286315784  
     10200    284.981 0.0284993429  
     10250    284.823 0.0283671667  
     10300    284.665 0.0282350501  
     10350    284.506 0.0281029939  
     10400    284.348 0.0279709987  
     10450    284.189 0.0278390651  
     10500    284.030 0.0277071937  
     10550    283.871 0.0275753851  
     10600    283.712 0.0274436399  
     10650    283.553 0.0273119589  
     10700    283.393 0.0271803427  
     10750    283.234 0.0270487919  
     10800    283.074 0.0269173071  
     10850    282.914 0.0267858891  
     10900    282.754 0.0266545386  
     10950    282.594 0.0265232561  
     11000    282.433 0.0263920425  
     11050    282.273 0.0262608984  
     11100    282.112 0.0261298246  
     11150    281.951 0.0259988216  
     11200    281.790 0.0258678903  
     11250    281.628 0.0257370314  
     11300    281.467 0.0256062457  
     11350    281.305 0.0254755338  
     11400    281.143 0.0253448965  
     11450    280.981 0.0252143347  
     11500    280.819 0.0250838490  
     11550    280.656 0.0249534403  
     11600    280.494 0.0248231093  
     11650    280.331 0.0246928568  
     11700    280.168 0.0245626837  
     11750    280.004 0.0244325908  
     11800    279.841 0.0243025788  
     11850    279.677 0.0241726487  
     11900    279.513 0.0240428012  
     11950    279.349 0.0239130373  
     12000    279.185 0.0237833578  
     12050    279.021 0.0236537635  
     12100    278.856 0.0235242553  
     12150    278.691 0.0233948342  
     12200    278.526 0.0232655011  
     12250    278.360 0.0231362568  
     12300    278.195 0.0230071022  
     12350    278.029 0.0228780385  
     12400    277.863 0.0227490663  
     12450    277.697 0.0226201868  
     12500    277.530 0.0224914009  
     12550    277.363 0.0223627096  
     12600    277.196 0.0222341139  
     12650    277.029 0.0221056147  
     12700    276.862 0.0219772132  
     12750    276.694 0.0218489102  
     12800    276.526 0.0217207070  
     12850    276.358 0.0215926044  
     12900    276.189 0.0214646037  
     12950    276.020 0.0213367058  
     13000    275.851 0.0212089119  
     13050    275.682 0.0210812231  
     13100    275.513 0.0209536404  
     13150    275.343 0.0208261651  
     13200    275.173 0.0206987982  
     13250    275.002 0.0205715410  
     13300    274.832 0.0204443947  
     13350    274.661 0.0203173603  
     13400    274.490 0.0201904391  
     13450    274.318 0.0200636324  
     13500    274.146 0.0199369413  
     13550    273.974 0.0198103672  
     13600    273.802 0.0196839113  
     13650    273.629 0.0195575748  
     13700    273.456 0.0194313592  
     13750    273.283 0.0193052656  
     13800    273.115 0.0191875704  
     13850    272.961 0.0190901248  
     13900    272.808 0.0189927710  
     13950    272.655 0.0188955115  
     14000    272.501 0.0187983478  
     14050    272.348 0.0187012815  
     14100    272.195 0.0186043141  
     14150    272.042 0.0185074470  
     14200    271.890 0.0184106818  
     14250    271.737 0.0183140197  
     14300    271.585 0.0182174624  
     14350    271.433 0.0181210111  
     14400    271.281 0.0180246672  
     14450    271.129 0.0179284321  
     14500    270.977 0.0178323072  
     14550    270.825 0.0177362938  
     14600    270.674 0.0176403932  
     14650    270.522 0.0175446068  
     14700    270.371 0.0174489357  
     14750    270.220 0.0173533813  
     14800    270.068 0.0172579449  
     14850    269.917 0.0171626277  
     14900    269.767 0.0170674309  
     14950    269.616 0.0169723558  
     15000    269.465 0.0168774035  
     15050    269.314 0.0167825754  
     15100    269.164 0.0166878725  
     15150    269.013 0.0165932961  
     15200    268.863 0.0164988474  
     15250    268.713 0.0164045275  
     15300    268.563 0.0163103375  
     15350    268.413 0.0162162787  
     15400    268.263 0.0161223521  
     15450    268.113 0.0160285590  
     15500    267.963 0.0159349003  
     15550    267.813 0.0158413773  
     15600    267.663 0.0157479911  
     15650    267.514 0.0156547427  
     15700    267.364 0.0155616333  
     15750    267.215 0.0154686640  
     15800    267.065 0.0153758359  
     15850    266.916 0.0152831500  
     15900    266.766 0.0151906074  
     15950    266.617 0.0150982092  
     16000    266.468 0.0150059565  
     16050    266.318 0.0149138503  
     16100    266.169 0.0148218918  
     16150    266.020 0.0147300820  
     16200    265.871 0.0146384218  
     16250    265.722 0.0145469125  
     16300    265.573 0.0144555551  
     16350    265.424 0.0143643505  
     16400    265.275 0.0142732999  
     16450    265.126 0.0141824043  
     16500    264.977 0.0140916648  
     16550    264.828 0.0140010824  
     16600    264.679 0.0139106581  
     16650    264.530 0.0138203930  
     16700    264.381 0.0137302881  
     16750    264.233 0.0136403446  
     16800    264.084 0.0135505633  
     16850    263.935 0.0134609455  
     16900    263.786 0.0133714920  
     16950    263.637 0.0132822041  
     17000    263.488 0.0131930826  
     17050    263.339 0.0131041287  
     17100    263.191 0.0130153435  
     17150    263.042 0.0129267279  
     17200    262.893 0.0128382830  
     17250    262.744 0.0127500098  
     17300    262.595 0.0126619095  
     17350    262.446 0.0125739831  
     17400    262.297 0.0124862317  
     17450    262.148 0.0123986562  
     17500    261.999 0.0123112579  
     17550    261.850 0.0122240377  
     17600    261.701 0.0121369967  
     17650    261.552 0.0120501360  
     17700    261.403 0.0119634567  
     17750    261.254 0.0118769599  
     17800    261.105 0.0117906466  
     17850    260.956 0.0117045179  
     17900    260.806 0.0116185750  
     17950    260.657 0.0115328190  
     18000    260.508 0.0114472509  
