Moist adiabatic profiles SST=332 
 z(m)  T(K)  qv(kg/kg) 
         0    331.000 0.1080862124  
        50    330.511 0.1080862124  
       100    330.023 0.1080862124  
       150    329.534 0.1080862124  
       200    329.046 0.1080862124  
       250    328.557 0.1080862124  
       300    328.069 0.1080862124  
       350    327.580 0.1080862124  
       400    327.092 0.1080862124  
       450    326.603 0.1080862124  
       500    326.115 0.1080862124  
       550    325.879 0.1079848488  
       600    325.749 0.1078418129  
       650    325.618 0.1076987613  
       700    325.487 0.1075556940  
       750    325.356 0.1074126112  
       800    325.225 0.1072695128  
       850    325.095 0.1071263988  
       900    324.964 0.1069832694  
       950    324.833 0.1068401245  
      1000    324.703 0.1066969641  
      1050    324.572 0.1065537883  
      1100    324.442 0.1064105972  
      1150    324.311 0.1062673906  
      1200    324.181 0.1061241688  
      1250    324.050 0.1059809317  
      1300    323.920 0.1058376793  
      1350    323.790 0.1056944117  
      1400    323.659 0.1055511288  
      1450    323.529 0.1054078308  
      1500    323.399 0.1052645177  
      1550    323.269 0.1051211895  
      1600    323.139 0.1049778462  
      1650    323.009 0.1048344879  
      1700    322.879 0.1046911145  
      1750    322.749 0.1045477262  
      1800    322.619 0.1044043229  
      1850    322.489 0.1042609047  
      1900    322.359 0.1041174717  
      1950    322.229 0.1039740237  
      2000    322.099 0.1038305610  
      2050    321.969 0.1036870835  
      2100    321.839 0.1035435912  
      2150    321.710 0.1034000842  
      2200    321.580 0.1032565625  
      2250    321.450 0.1031130262  
      2300    321.321 0.1029694752  
      2350    321.191 0.1028259096  
      2400    321.062 0.1026823295  
      2450    320.932 0.1025387349  
      2500    320.803 0.1023951257  
      2550    320.673 0.1022515021  
      2600    320.544 0.1021078641  
      2650    320.415 0.1019642117  
      2700    320.285 0.1018205449  
      2750    320.156 0.1016768638  
      2800    320.027 0.1015331684  
      2850    319.897 0.1013894587  
      2900    319.768 0.1012457348  
      2950    319.639 0.1011019967  
      3000    319.510 0.1009582445  
      3050    319.381 0.1008144781  
      3100    319.252 0.1006706976  
      3150    319.123 0.1005269031  
      3200    318.994 0.1003830945  
      3250    318.865 0.1002392720  
      3300    318.736 0.1000954355  
      3350    318.607 0.0999515850  
      3400    318.478 0.0998077207  
      3450    318.350 0.0996638426  
      3500    318.221 0.0995199506  
      3550    318.092 0.0993760448  
      3600    317.963 0.0992321253  
      3650    317.835 0.0990881920  
      3700    317.706 0.0989442451  
      3750    317.578 0.0988002845  
      3800    317.449 0.0986563103  
      3850    317.321 0.0985123226  
      3900    317.192 0.0983683213  
      3950    317.064 0.0982243064  
      4000    316.935 0.0980802782  
      4050    316.807 0.0979362365  
      4100    316.678 0.0977921813  
      4150    316.550 0.0976481129  
      4200    316.422 0.0975040311  
      4250    316.294 0.0973599360  
      4300    316.165 0.0972158276  
      4350    316.037 0.0970717061  
      4400    315.909 0.0969275713  
      4450    315.781 0.0967834234  
      4500    315.653 0.0966392624  
      4550    315.525 0.0964950883  
      4600    315.397 0.0963509012  
      4650    315.269 0.0962067010  
      4700    315.141 0.0960624880  
      4750    315.013 0.0959182619  
      4800    314.885 0.0957740230  
      4850    314.757 0.0956297713  
      4900    314.629 0.0954855067  
      4950    314.502 0.0953412293  
      5000    314.374 0.0951969392  
      5050    314.246 0.0950526364  
      5100    314.118 0.0949083210  
      5150    313.991 0.0947639929  
      5200    313.863 0.0946196522  
      5250    313.735 0.0944752989  
      5300    313.608 0.0943309332  
      5350    313.480 0.0941865550  
      5400    313.353 0.0940421643  
      5450    313.225 0.0938977612  
      5500    313.098 0.0937533458  
      5550    312.970 0.0936089180  
      5600    312.843 0.0934644780  
      5650    312.716 0.0933200257  
      5700    312.588 0.0931755612  
      5750    312.461 0.0930310846  
      5800    312.334 0.0928865958  
      5850    312.207 0.0927420949  
      5900    312.079 0.0925975820  
      5950    311.952 0.0924530571  
      6000    311.825 0.0923085202  
      6050    311.698 0.0921639713  
      6100    311.571 0.0920194106  
      6150    311.444 0.0918748380  
      6200    311.317 0.0917302537  
      6250    311.190 0.0915856575  
      6300    311.063 0.0914410496  
      6350    310.936 0.0912964301  
      6400    310.809 0.0911517989  
      6450    310.682 0.0910071560  
      6500    310.555 0.0908625017  
      6550    310.428 0.0907178357  
      6600    310.302 0.0905731583  
      6650    310.175 0.0904284695  
      6700    310.048 0.0902837693  
      6750    309.921 0.0901390577  
      6800    309.795 0.0899943348  
      6850    309.668 0.0898496006  
      6900    309.541 0.0897048552  
      6950    309.415 0.0895600985  
      7000    309.288 0.0894153308  
      7050    309.162 0.0892705519  
      7100    309.035 0.0891257620  
      7150    308.909 0.0889809610  
      7200    308.782 0.0888361491  
      7250    308.656 0.0886913262  
      7300    308.529 0.0885464925  
      7350    308.403 0.0884016478  
      7400    308.277 0.0882567924  
      7450    308.150 0.0881119262  
      7500    308.024 0.0879670493  
      7550    307.898 0.0878221618  
      7600    307.772 0.0876772636  
      7650    307.645 0.0875323548  
      7700    307.519 0.0873874355  
      7750    307.393 0.0872425056  
      7800    307.267 0.0870975653  
      7850    307.141 0.0869526146  
      7900    307.015 0.0868076536  
      7950    306.889 0.0866626822  
      8000    306.763 0.0865177006  
      8050    306.637 0.0863727087  
      8100    306.511 0.0862277066  
      8150    306.385 0.0860826944  
      8200    306.259 0.0859376722  
      8250    306.133 0.0857926398  
      8300    306.007 0.0856475975  
      8350    305.881 0.0855025452  
      8400    305.755 0.0853574830  
      8450    305.629 0.0852124110  
      8500    305.504 0.0850673291  
      8550    305.378 0.0849222375  
      8600    305.252 0.0847771361  
      8650    305.126 0.0846320251  
      8700    305.001 0.0844869045  
      8750    304.875 0.0843417743  
      8800    304.749 0.0841966345  
      8850    304.624 0.0840514853  
      8900    304.498 0.0839063266  
      8950    304.373 0.0837611586  
      9000    304.247 0.0836159812  
      9050    304.122 0.0834707946  
      9100    303.996 0.0833255987  
      9150    303.871 0.0831803936  
      9200    303.745 0.0830351794  
      9250    303.620 0.0828899560  
      9300    303.494 0.0827447237  
      9350    303.369 0.0825994823  
      9400    303.244 0.0824542321  
      9450    303.118 0.0823089729  
      9500    302.993 0.0821637049  
      9550    302.868 0.0820184281  
      9600    302.742 0.0818731425  
      9650    302.617 0.0817278483  
      9700    302.492 0.0815825454  
      9750    302.367 0.0814372340  
      9800    302.241 0.0812919140  
      9850    302.116 0.0811465855  
      9900    301.991 0.0810012486  
      9950    301.866 0.0808559033  
     10000    301.741 0.0807105497  
     10050    301.616 0.0805651878  
     10100    301.491 0.0804198177  
     10150    301.366 0.0802744395  
     10200    301.241 0.0801290531  
     10250    301.116 0.0799836587  
     10300    300.991 0.0798382562  
     10350    300.866 0.0796928458  
     10400    300.741 0.0795474275  
     10450    300.616 0.0794020014  
     10500    300.491 0.0792565674  
     10550    300.366 0.0791111257  
     10600    300.241 0.0789656764  
     10650    300.116 0.0788202194  
     10700    299.992 0.0786747548  
     10750    299.867 0.0785292828  
     10800    299.742 0.0783838032  
     10850    299.617 0.0782383163  
     10900    299.492 0.0780928220  
     10950    299.368 0.0779473204  
     11000    299.243 0.0778018116  
     11050    299.118 0.0776562956  
     11100    298.994 0.0775107725  
     11150    298.869 0.0773652424  
     11200    298.744 0.0772197052  
     11250    298.620 0.0770741611  
     11300    298.495 0.0769286100  
     11350    298.370 0.0767830522  
     11400    298.246 0.0766374876  
     11450    298.121 0.0764919162  
     11500    297.997 0.0763463382  
     11550    297.872 0.0762007536  
     11600    297.748 0.0760551625  
     11650    297.623 0.0759095649  
     11700    297.499 0.0757639609  
     11750    297.374 0.0756183505  
     11800    297.250 0.0754727338  
     11850    297.125 0.0753271109  
     11900    297.001 0.0751814818  
     11950    296.877 0.0750358466  
     12000    296.752 0.0748902054  
     12050    296.628 0.0747445581  
     12100    296.504 0.0745989049  
     12150    296.379 0.0744532459  
     12200    296.255 0.0743075811  
     12250    296.131 0.0741619105  
     12300    296.006 0.0740162342  
     12350    295.882 0.0738705524  
     12400    295.758 0.0737248650  
     12450    295.633 0.0735791720  
     12500    295.509 0.0734334737  
     12550    295.385 0.0732877700  
     12600    295.261 0.0731420611  
     12650    295.137 0.0729963469  
     12700    295.012 0.0728506275  
     12750    294.888 0.0727049031  
     12800    294.764 0.0725591736  
     12850    294.640 0.0724134391  
     12900    294.516 0.0722676998  
     12950    294.392 0.0721219556  
     13000    294.267 0.0719762067  
     13050    294.143 0.0718304531  
     13100    294.019 0.0716846948  
     13150    293.895 0.0715389320  
     13200    293.771 0.0713931647  
     13250    293.647 0.0712473930  
     13300    293.523 0.0711016169  
     13350    293.399 0.0709558365  
     13400    293.275 0.0708100520  
     13450    293.151 0.0706642633  
     13500    293.027 0.0705184705  
     13550    292.903 0.0703726737  
     13600    292.779 0.0702268730  
     13650    292.655 0.0700810684  
     13700    292.531 0.0699352601  
     13750    292.407 0.0697894480  
     13800    292.283 0.0696436445  
     13850    292.159 0.0694978373  
     13900    292.035 0.0693520265  
     13950    291.911 0.0692062122  
     14000    291.787 0.0690603944  
     14050    291.664 0.0689145732  
     14100    291.540 0.0687687487  
     14150    291.416 0.0686229210  
     14200    291.292 0.0684770900  
     14250    291.168 0.0683312561  
     14300    291.044 0.0681854191  
     14350    290.920 0.0680395791  
     14400    290.796 0.0678937363  
     14450    290.673 0.0677478908  
     14500    290.549 0.0676020425  
     14550    290.425 0.0674561916  
     14600    290.301 0.0673103382  
     14650    290.177 0.0671644823  
     14700    290.053 0.0670186240  
     14750    289.930 0.0668727635  
     14800    289.806 0.0667269007  
     14850    289.682 0.0665810357  
     14900    289.558 0.0664351687  
     14950    289.434 0.0662892997  
     15000    289.311 0.0661434289  
     15050    289.187 0.0659975562  
     15100    289.063 0.0658516817  
     15150    288.939 0.0657058057  
     15200    288.816 0.0655599280  
     15250    288.692 0.0654140489  
     15300    288.568 0.0652681684  
     15350    288.444 0.0651222866  
     15400    288.321 0.0649764035  
     15450    288.197 0.0648305193  
     15500    288.073 0.0646846341  
     15550    287.949 0.0645387479  
     15600    287.826 0.0643928608  
     15650    287.702 0.0642469729  
     15700    287.578 0.0641010843  
     15750    287.454 0.0639551951  
     15800    287.331 0.0638093054  
     15850    287.207 0.0636634153  
     15900    287.083 0.0635175248  
     15950    286.959 0.0633716340  
     16000    286.836 0.0632257431  
     16050    286.712 0.0630798521  
     16100    286.588 0.0629339612  
     16150    286.464 0.0627880703  
     16200    286.341 0.0626421797  
     16250    286.217 0.0624962893  
     16300    286.093 0.0623503994  
     16350    285.969 0.0622045099  
     16400    285.846 0.0620586210  
     16450    285.722 0.0619127329  
     16500    285.598 0.0617668454  
     16550    285.474 0.0616209589  
     16600    285.351 0.0614750733  
     16650    285.227 0.0613291888  
     16700    285.103 0.0611833055  
     16750    284.979 0.0610374234  
     16800    284.856 0.0608915427  
     16850    284.732 0.0607456634  
     16900    284.608 0.0605997858  
     16950    284.484 0.0604539098  
     17000    284.360 0.0603080355  
     17050    284.237 0.0601621631  
     17100    284.113 0.0600162927  
     17150    283.989 0.0598704244  
     17200    283.865 0.0597245583  
     17250    283.741 0.0595786944  
     17300    283.618 0.0594328330  
     17350    283.494 0.0592869740  
     17400    283.370 0.0591411176  
     17450    283.246 0.0589952640  
     17500    283.122 0.0588494132  
     17550    282.998 0.0587035653  
     17600    282.875 0.0585577204  
     17650    282.751 0.0584118787  
     17700    282.627 0.0582660402  
     17750    282.503 0.0581202051  
     17800    282.379 0.0579743735  
     17850    282.255 0.0578285455  
     17900    282.131 0.0576827212  
     17950    282.007 0.0575369006  
     18000    281.883 0.0573910841  
