Moist adiabatic profiles SST=310 
 z(m)  T(K)  qv(kg/kg) 
         0    309.000 0.0308328878  
        50    308.511 0.0308328878  
       100    308.023 0.0308328878  
       150    307.534 0.0308328878  
       200    307.046 0.0308328878  
       250    306.557 0.0308328878  
       300    306.069 0.0308328878  
       350    305.580 0.0308328878  
       400    305.092 0.0308328878  
       450    304.603 0.0308328878  
       500    304.205 0.0307965762  
       550    304.037 0.0306684918  
       600    303.869 0.0305404559  
       650    303.700 0.0304124689  
       700    303.531 0.0302845313  
       750    303.363 0.0301566437  
       800    303.194 0.0300288065  
       850    303.025 0.0299010202  
       900    302.856 0.0297732854  
       950    302.686 0.0296456026  
      1000    302.517 0.0295179722  
      1050    302.347 0.0293903949  
      1100    302.178 0.0292628711  
      1150    302.008 0.0291354013  
      1200    301.838 0.0290079862  
      1250    301.668 0.0288806263  
      1300    301.498 0.0287533220  
      1350    301.327 0.0286260741  
      1400    301.157 0.0284988829  
      1450    300.986 0.0283717491  
      1500    300.815 0.0282446733  
      1550    300.644 0.0281176561  
      1600    300.473 0.0279906979  
      1650    300.302 0.0278637995  
      1700    300.130 0.0277369613  
      1750    299.959 0.0276101841  
      1800    299.787 0.0274834684  
      1850    299.615 0.0273568148  
      1900    299.443 0.0272302239  
      1950    299.271 0.0271036964  
      2000    299.099 0.0269772329  
      2050    298.926 0.0268508340  
      2100    298.754 0.0267245003  
      2150    298.581 0.0265982326  
      2200    298.408 0.0264720315  
      2250    298.235 0.0263458976  
      2300    298.061 0.0262198316  
      2350    297.888 0.0260938342  
      2400    297.714 0.0259679060  
      2450    297.540 0.0258420478  
      2500    297.366 0.0257162603  
      2550    297.192 0.0255905441  
      2600    297.018 0.0254648999  
      2650    296.843 0.0253393285  
      2700    296.668 0.0252138307  
      2750    296.493 0.0250884070  
      2800    296.318 0.0249630584  
      2850    296.143 0.0248377854  
      2900    295.968 0.0247125890  
      2950    295.792 0.0245874698  
      3000    295.616 0.0244624286  
      3050    295.440 0.0243374662  
      3100    295.264 0.0242125833  
      3150    295.087 0.0240877809  
      3200    294.910 0.0239630597  
      3250    294.733 0.0238384204  
      3300    294.556 0.0237138640  
      3350    294.379 0.0235893912  
      3400    294.202 0.0234650029  
      3450    294.024 0.0233407000  
      3500    293.846 0.0232164832  
      3550    293.668 0.0230923535  
      3600    293.489 0.0229683118  
      3650    293.311 0.0228443589  
      3700    293.132 0.0227204957  
      3750    292.953 0.0225967232  
      3800    292.773 0.0224730422  
      3850    292.594 0.0223494536  
      3900    292.414 0.0222259585  
      3950    292.234 0.0221025578  
      4000    292.054 0.0219792523  
      4050    291.873 0.0218560432  
      4100    291.693 0.0217329313  
      4150    291.512 0.0216099176  
      4200    291.331 0.0214870033  
      4250    291.149 0.0213641891  
      4300    290.967 0.0212414763  
      4350    290.785 0.0211188658  
      4400    290.603 0.0209963586  
      4450    290.421 0.0208739559  
      4500    290.238 0.0207516587  
      4550    290.055 0.0206294681  
      4600    289.872 0.0205073851  
      4650    289.688 0.0203854110  
      4700    289.504 0.0202635467  
      4750    289.320 0.0201417935  
      4800    289.136 0.0200201525  
      4850    288.951 0.0198986248  
      4900    288.766 0.0197772117  
      4950    288.581 0.0196559143  
      5000    288.395 0.0195347338  
      5050    288.209 0.0194136714  
      5100    288.023 0.0192927284  
      5150    287.837 0.0191719060  
      5200    287.650 0.0190512054  
      5250    287.463 0.0189306281  
      5300    287.276 0.0188101751  
      5350    287.088 0.0186898479  
      5400    286.900 0.0185696478  
      5450    286.712 0.0184495760  
      5500    286.523 0.0183296340  
      5550    286.334 0.0182098232  
      5600    286.145 0.0180901448  
      5650    285.955 0.0179706004  
      5700    285.765 0.0178511913  
      5750    285.575 0.0177319190  
      5800    285.384 0.0176127849  
      5850    285.193 0.0174937905  
      5900    285.002 0.0173749373  
      5950    284.810 0.0172562268  
      6000    284.618 0.0171376606  
      6050    284.426 0.0170192401  
      6100    284.233 0.0169009670  
      6150    284.040 0.0167828428  
      6200    283.846 0.0166648692  
      6250    283.652 0.0165470477  
      6300    283.458 0.0164293801  
      6350    283.263 0.0163118680  
      6400    283.068 0.0161945130  
      6450    282.872 0.0160773169  
      6500    282.676 0.0159602815  
      6550    282.480 0.0158434084  
      6600    282.283 0.0157266995  
      6650    282.086 0.0156101565  
      6700    281.889 0.0154937813  
      6750    281.691 0.0153775758  
      6800    281.492 0.0152615417  
      6850    281.293 0.0151456810  
      6900    281.094 0.0150299957  
      6950    280.894 0.0149144876  
      7000    280.694 0.0147991587  
      7050    280.494 0.0146840110  
      7100    280.293 0.0145690466  
      7150    280.091 0.0144542675  
      7200    279.889 0.0143396757  
      7250    279.687 0.0142252733  
      7300    279.484 0.0141110626  
      7350    279.280 0.0139970456  
      7400    279.076 0.0138832246  
      7450    278.872 0.0137696017  
      7500    278.667 0.0136561792  
      7550    278.461 0.0135429593  
      7600    278.255 0.0134299444  
      7650    278.049 0.0133171386  
      7700    277.842 0.0132045423  
      7750    277.634 0.0130921580  
      7800    277.426 0.0129799881  
      7850    277.218 0.0128680351  
      7900    277.008 0.0127563015  
      7950    276.799 0.0126447898  
      8000    276.588 0.0125335025  
      8050    276.378 0.0124224424  
      8100    276.166 0.0123116119  
      8150    275.954 0.0122010138  
      8200    275.742 0.0120906509  
      8250    275.528 0.0119805257  
      8300    275.315 0.0118706411  
      8350    275.100 0.0117610000  
      8400    274.885 0.0116516051  
      8450    274.670 0.0115424595  
      8500    274.453 0.0114335659  
      8550    274.236 0.0113249274  
      8600    274.019 0.0112165469  
      8650    273.801 0.0111084277  
      8700    273.582 0.0110005726  
      8750    273.362 0.0108929850  
      8800    273.144 0.0107870983  
      8850    272.945 0.0106975996  
      8900    272.747 0.0106082976  
      8950    272.549 0.0105191952  
      9000    272.351 0.0104302955  
      9050    272.153 0.0103416013  
      9100    271.955 0.0102531156  
      9150    271.756 0.0101648412  
      9200    271.558 0.0100767811  
      9250    271.360 0.0099889381  
      9300    271.162 0.0099013149  
      9350    270.964 0.0098139144  
      9400    270.767 0.0097267392  
      9450    270.569 0.0096397923  
      9500    270.371 0.0095530762  
      9550    270.173 0.0094665936  
      9600    269.975 0.0093803474  
      9650    269.776 0.0092943401  
      9700    269.578 0.0092085743  
      9750    269.380 0.0091230528  
      9800    269.182 0.0090377781  
      9850    268.984 0.0089527530  
      9900    268.785 0.0088679798  
      9950    268.587 0.0087834614  
     10000    268.389 0.0086992002  
     10050    268.190 0.0086151988  
     10100    267.991 0.0085314598  
     10150    267.793 0.0084479858  
     10200    267.594 0.0083647793  
     10250    267.395 0.0082818428  
     10300    267.196 0.0081991789  
     10350    266.996 0.0081167902  
     10400    266.797 0.0080346791  
     10450    266.598 0.0079528482  
     10500    266.398 0.0078713001  
     10550    266.198 0.0077900372  
     10600    265.998 0.0077090622  
     10650    265.798 0.0076283774  
     10700    265.598 0.0075479855  
     10750    265.398 0.0074678889  
     10800    265.197 0.0073880903  
     10850    264.996 0.0073085921  
     10900    264.795 0.0072293968  
     10950    264.594 0.0071505071  
     11000    264.393 0.0070719253  
     11050    264.191 0.0069936542  
     11100    263.989 0.0069156962  
     11150    263.787 0.0068380538  
     11200    263.585 0.0067607296  
     11250    263.383 0.0066837263  
     11300    263.180 0.0066070462  
     11350    262.977 0.0065306921  
     11400    262.774 0.0064546664  
     11450    262.570 0.0063789718  
     11500    262.366 0.0063036109  
     11550    262.162 0.0062285862  
     11600    261.958 0.0061539003  
     11650    261.753 0.0060795558  
     11700    261.548 0.0060055554  
     11750    261.343 0.0059319017  
     11800    261.137 0.0058585972  
     11850    260.931 0.0057856447  
     11900    260.725 0.0057130468  
     11950    260.519 0.0056408060  
     12000    260.312 0.0055689251  
     12050    260.105 0.0054974068  
     12100    259.897 0.0054262536  
     12150    259.689 0.0053554684  
     12200    259.481 0.0052850537  
     12250    259.272 0.0052150122  
     12300    259.063 0.0051453467  
     12350    258.854 0.0050760599  
     12400    258.644 0.0050071544  
     12450    258.433 0.0049386331  
     12500    258.223 0.0048704985  
     12550    258.012 0.0048027535  
     12600    257.800 0.0047354008  
     12650    257.588 0.0046684431  
     12700    257.376 0.0046018832  
     12750    257.163 0.0045357239  
     12800    256.950 0.0044699678  
     12850    256.736 0.0044046178  
     12900    256.522 0.0043396767  
     12950    256.307 0.0042751471  
     13000    256.092 0.0042110319  
     13050    255.877 0.0041473339  
     13100    255.660 0.0040840557  
     13150    255.444 0.0040212003  
     13200    255.227 0.0039587704  
     13250    255.009 0.0038967687  
     13300    254.791 0.0038351980  
     13350    254.572 0.0037740611  
     13400    254.353 0.0037133608  
     13450    254.133 0.0036530998  
     13500    253.913 0.0035932810  
     13550    253.692 0.0035339069  
     13600    253.470 0.0034749805  
     13650    253.248 0.0034165044  
     13700    252.986 0.0033507035  
     13750    252.697 0.0032804143  
     13800    252.406 0.0032108157  
     13850    252.112 0.0031419154  
     13900    251.817 0.0030737213  
     13950    251.519 0.0030062409  
     14000    251.220 0.0029394818  
     14050    250.919 0.0028734516  
     14100    250.615 0.0028081578  
     14150    250.309 0.0027436078  
     14200    250.001 0.0026798088  
     14250    249.691 0.0026167680  
     14300    249.379 0.0025544926  
     14350    249.065 0.0024929895  
     14400    248.748 0.0024322655  
     14450    248.430 0.0023723273  
     14500    248.109 0.0023131813  
     14550    247.785 0.0022548339  
     14600    247.460 0.0021972913  
     14650    247.132 0.0021405593  
     14700    246.802 0.0020846436  
     14750    246.469 0.0020295497  
     14800    246.135 0.0019752829  
     14850    245.797 0.0019218480  
     14900    245.458 0.0018692498  
     14950    245.116 0.0018174925  
     15000    244.772 0.0017665804  
     15050    244.425 0.0017165171  
     15100    244.076 0.0016673061  
     15150    243.724 0.0016189503  
     15200    243.370 0.0015714525  
     15250    243.014 0.0015248149  
     15300    242.655 0.0014790395  
     15350    242.293 0.0014341278  
     15400    241.930 0.0013900808  
     15450    241.563 0.0013468991  
     15500    241.195 0.0013045830  
     15550    240.824 0.0012631322  
     15600    240.450 0.0012225459  
     15650    240.074 0.0011828230  
     15700    239.696 0.0011439618  
     15750    239.315 0.0011059600  
     15800    238.931 0.0010688151  
     15850    238.546 0.0010325237  
     15900    238.157 0.0009970824  
     15950    237.767 0.0009624868  
     16000    237.374 0.0009287322  
     16050    236.979 0.0008958136  
     16100    236.581 0.0008637251  
     16150    236.181 0.0008324606  
     16200    235.779 0.0008020134  
     16250    235.374 0.0007723762  
     16300    234.967 0.0007435415  
     16350    234.558 0.0007155011  
     16400    234.147 0.0006882463  
     16450    233.733 0.0006617681  
     16500    233.318 0.0006360571  
     16550    232.900 0.0006111033  
     16600    232.480 0.0005868964  
     16650    232.058 0.0005634256  
     16700    231.634 0.0005406800  
     16750    231.207 0.0005186480  
     16800    230.779 0.0004973179  
     16850    230.349 0.0004766777  
     16900    229.917 0.0004567149  
     16950    229.483 0.0004374170  
     17000    229.048 0.0004187710  
     17050    228.610 0.0004007638  
     17100    228.171 0.0003833822  
     17150    227.730 0.0003666127  
     17200    227.287 0.0003504417  
     17250    226.843 0.0003348555  
     17300    226.397 0.0003198401  
     17350    225.949 0.0003053818  
     17400    225.500 0.0002914664  
     17450    225.049 0.0002780801  
     17500    224.597 0.0002652089  
     17550    224.144 0.0002528386  
     17600    223.689 0.0002409555  
     17650    223.233 0.0002295456  
     17700    222.775 0.0002185951  
     17750    222.316 0.0002080903  
     17800    221.856 0.0001980175  
     17850    221.395 0.0001883634  
     17900    220.933 0.0001791145  
     17950    220.469 0.0001702579  
     18000    220.005 0.0001617804  
