Moist adiabatic profiles SST=324 
 z(m)  T(K)  qv(kg/kg) 
         0    323.000 0.0686644515  
        50    322.511 0.0686644515  
       100    322.023 0.0686644515  
       150    321.534 0.0686644515  
       200    321.046 0.0686644515  
       250    320.557 0.0686644515  
       300    320.069 0.0686644515  
       350    319.580 0.0686644515  
       400    319.092 0.0686644515  
       450    318.603 0.0686644515  
       500    318.115 0.0686644515  
       550    317.887 0.0685599041  
       600    317.748 0.0684204668  
       650    317.608 0.0682810241  
       700    317.468 0.0681415760  
       750    317.328 0.0680021226  
       800    317.188 0.0678626640  
       850    317.048 0.0677232002  
       900    316.908 0.0675837314  
       950    316.769 0.0674442577  
      1000    316.629 0.0673047790  
      1050    316.489 0.0671652956  
      1100    316.349 0.0670258074  
      1150    316.209 0.0668863145  
      1200    316.070 0.0667468171  
      1250    315.930 0.0666073153  
      1300    315.790 0.0664678090  
      1350    315.651 0.0663282984  
      1400    315.511 0.0661887835  
      1450    315.371 0.0660492646  
      1500    315.231 0.0659097415  
      1550    315.092 0.0657702145  
      1600    314.952 0.0656306836  
      1650    314.813 0.0654911489  
      1700    314.673 0.0653516104  
      1750    314.533 0.0652120683  
      1800    314.394 0.0650725227  
      1850    314.254 0.0649329736  
      1900    314.114 0.0647934211  
      1950    313.975 0.0646538654  
      2000    313.835 0.0645143064  
      2050    313.696 0.0643747444  
      2100    313.556 0.0642351793  
      2150    313.416 0.0640956113  
      2200    313.277 0.0639560405  
      2250    313.137 0.0638164669  
      2300    312.998 0.0636768906  
      2350    312.858 0.0635373118  
      2400    312.719 0.0633977306  
      2450    312.579 0.0632581469  
      2500    312.440 0.0631185610  
      2550    312.300 0.0629789728  
      2600    312.161 0.0628393826  
      2650    312.021 0.0626997904  
      2700    311.882 0.0625601963  
      2750    311.742 0.0624206003  
      2800    311.603 0.0622810027  
      2850    311.463 0.0621414034  
      2900    311.324 0.0620018026  
      2950    311.184 0.0618622004  
      3000    311.045 0.0617225968  
      3050    310.905 0.0615829920  
      3100    310.766 0.0614433861  
      3150    310.626 0.0613037792  
      3200    310.487 0.0611641714  
      3250    310.347 0.0610245627  
      3300    310.208 0.0608849533  
      3350    310.068 0.0607453432  
      3400    309.929 0.0606057327  
      3450    309.789 0.0604661217  
      3500    309.650 0.0603265105  
      3550    309.510 0.0601868990  
      3600    309.371 0.0600472874  
      3650    309.232 0.0599076758  
      3700    309.092 0.0597680643  
      3750    308.953 0.0596284531  
      3800    308.813 0.0594888421  
      3850    308.674 0.0593492316  
      3900    308.534 0.0592096216  
      3950    308.395 0.0590700123  
      4000    308.255 0.0589304037  
      4050    308.116 0.0587907960  
      4100    307.976 0.0586511892  
      4150    307.837 0.0585115836  
      4200    307.697 0.0583719791  
      4250    307.558 0.0582323760  
      4300    307.418 0.0580927743  
      4350    307.279 0.0579531741  
      4400    307.139 0.0578135756  
      4450    307.000 0.0576739788  
      4500    306.860 0.0575343840  
      4550    306.721 0.0573947911  
      4600    306.581 0.0572552003  
      4650    306.442 0.0571156118  
      4700    306.302 0.0569760257  
      4750    306.163 0.0568364420  
      4800    306.023 0.0566968609  
      4850    305.884 0.0565572825  
      4900    305.744 0.0564177070  
      4950    305.605 0.0562781344  
      5000    305.465 0.0561385649  
      5050    305.326 0.0559989986  
      5100    305.186 0.0558594356  
      5150    305.046 0.0557198761  
      5200    304.907 0.0555803202  
      5250    304.767 0.0554407680  
      5300    304.628 0.0553012196  
      5350    304.488 0.0551616751  
      5400    304.348 0.0550221348  
      5450    304.209 0.0548825987  
      5500    304.069 0.0547430669  
      5550    303.929 0.0546035396  
      5600    303.790 0.0544640169  
      5650    303.650 0.0543244990  
      5700    303.510 0.0541849859  
      5750    303.370 0.0540454778  
      5800    303.231 0.0539059749  
      5850    303.091 0.0537664773  
      5900    302.951 0.0536269851  
      5950    302.811 0.0534874985  
      6000    302.672 0.0533480175  
      6050    302.532 0.0532085424  
      6100    302.392 0.0530690733  
      6150    302.252 0.0529296103  
      6200    302.112 0.0527901536  
      6250    301.973 0.0526507032  
      6300    301.833 0.0525112594  
      6350    301.693 0.0523718223  
      6400    301.553 0.0522323920  
      6450    301.413 0.0520929687  
      6500    301.273 0.0519535526  
      6550    301.133 0.0518141437  
      6600    300.993 0.0516747422  
      6650    300.853 0.0515353484  
      6700    300.713 0.0513959622  
      6750    300.573 0.0512565840  
      6800    300.433 0.0511172137  
      6850    300.293 0.0509778517  
      6900    300.153 0.0508384980  
      6950    300.013 0.0506991528  
      7000    299.872 0.0505598163  
      7050    299.732 0.0504204886  
      7100    299.592 0.0502811699  
      7150    299.452 0.0501418603  
      7200    299.312 0.0500025600  
      7250    299.171 0.0498632691  
      7300    299.031 0.0497239879  
      7350    298.891 0.0495847165  
      7400    298.750 0.0494454551  
      7450    298.610 0.0493062037  
      7500    298.470 0.0491669627  
      7550    298.329 0.0490277321  
      7600    298.189 0.0488885121  
      7650    298.048 0.0487493030  
      7700    297.908 0.0486101048  
      7750    297.767 0.0484709178  
      7800    297.627 0.0483317421  
      7850    297.486 0.0481925779  
      7900    297.346 0.0480534253  
      7950    297.205 0.0479142847  
      8000    297.064 0.0477751560  
      8050    296.924 0.0476360396  
      8100    296.783 0.0474969356  
      8150    296.642 0.0473578442  
      8200    296.501 0.0472187655  
      8250    296.360 0.0470796998  
      8300    296.220 0.0469406473  
      8350    296.079 0.0468016080  
      8400    295.938 0.0466625823  
      8450    295.797 0.0465235703  
      8500    295.656 0.0463845723  
      8550    295.515 0.0462455883  
      8600    295.374 0.0461066186  
      8650    295.233 0.0459676634  
      8700    295.091 0.0458287229  
      8750    294.950 0.0456897973  
      8800    294.809 0.0455508868  
      8850    294.668 0.0454119916  
      8900    294.526 0.0452731119  
      8950    294.385 0.0451342479  
      9000    294.244 0.0449953999  
      9050    294.102 0.0448565679  
      9100    293.961 0.0447177523  
      9150    293.819 0.0445789533  
      9200    293.678 0.0444401710  
      9250    293.536 0.0443014056  
      9300    293.395 0.0441626575  
      9350    293.253 0.0440239268  
      9400    293.111 0.0438852137  
      9450    292.970 0.0437465185  
      9500    292.828 0.0436078413  
      9550    292.686 0.0434691825  
      9600    292.544 0.0433305422  
      9650    292.402 0.0431919206  
      9700    292.260 0.0430533181  
      9750    292.118 0.0429147347  
      9800    291.976 0.0427761708  
      9850    291.834 0.0426376267  
      9900    291.692 0.0424991024  
      9950    291.549 0.0423605983  
     10000    291.407 0.0422221146  
     10050    291.265 0.0420836516  
     10100    291.122 0.0419452094  
     10150    290.980 0.0418067884  
     10200    290.838 0.0416683888  
     10250    290.695 0.0415300109  
     10300    290.552 0.0413916548  
     10350    290.410 0.0412533209  
     10400    290.267 0.0411150094  
     10450    290.124 0.0409767205  
     10500    289.981 0.0408384546  
     10550    289.839 0.0407002119  
     10600    289.696 0.0405619926  
     10650    289.553 0.0404237971  
     10700    289.410 0.0402856255  
     10750    289.266 0.0401474783  
     10800    289.123 0.0400093555  
     10850    288.980 0.0398712576  
     10900    288.837 0.0397331847  
     10950    288.693 0.0395951373  
     11000    288.550 0.0394571155  
     11050    288.406 0.0393191196  
     11100    288.263 0.0391811499  
     11150    288.119 0.0390432068  
     11200    287.975 0.0389052905  
     11250    287.832 0.0387674013  
     11300    287.688 0.0386295395  
     11350    287.544 0.0384917054  
     11400    287.400 0.0383538992  
     11450    287.256 0.0382161214  
     11500    287.112 0.0380783723  
     11550    286.968 0.0379406520  
     11600    286.823 0.0378029610  
     11650    286.679 0.0376652995  
     11700    286.535 0.0375276680  
     11750    286.390 0.0373900666  
     11800    286.246 0.0372524957  
     11850    286.101 0.0371149556  
     11900    285.956 0.0369774468  
     11950    285.811 0.0368399694  
     12000    285.667 0.0367025239  
     12050    285.522 0.0365651105  
     12100    285.377 0.0364277297  
     12150    285.231 0.0362903817  
     12200    285.086 0.0361530670  
     12250    284.941 0.0360157858  
     12300    284.796 0.0358785385  
     12350    284.650 0.0357413255  
     12400    284.505 0.0356041471  
     12450    284.359 0.0354670037  
     12500    284.213 0.0353298956  
     12550    284.067 0.0351928233  
     12600    283.921 0.0350557871  
     12650    283.775 0.0349187873  
     12700    283.629 0.0347818244  
     12750    283.483 0.0346448987  
     12800    283.337 0.0345080107  
     12850    283.191 0.0343711606  
     12900    283.044 0.0342343490  
     12950    282.898 0.0340975761  
     13000    282.751 0.0339608425  
     13050    282.604 0.0338241485  
     13100    282.457 0.0336874944  
     13150    282.310 0.0335508808  
     13200    282.163 0.0334143081  
     13250    282.016 0.0332777766  
     13300    281.869 0.0331412868  
     13350    281.721 0.0330048391  
     13400    281.574 0.0328684340  
     13450    281.426 0.0327320718  
     13500    281.279 0.0325957530  
     13550    281.131 0.0324594782  
     13600    280.983 0.0323232476  
     13650    280.835 0.0321870618  
     13700    280.687 0.0320509212  
     13750    280.539 0.0319148264  
     13800    280.390 0.0317787776  
     13850    280.242 0.0316427755  
     13900    280.093 0.0315068205  
     13950    279.944 0.0313709131  
     14000    279.796 0.0312350537  
     14050    279.647 0.0310992429  
     14100    279.497 0.0309634812  
     14150    279.348 0.0308277690  
     14200    279.199 0.0306921068  
     14250    279.049 0.0305564952  
     14300    278.900 0.0304209347  
     14350    278.750 0.0302854258  
     14400    278.600 0.0301499690  
     14450    278.450 0.0300145649  
     14500    278.300 0.0298792139  
     14550    278.150 0.0297439167  
     14600    278.000 0.0296086738  
     14650    277.849 0.0294734857  
     14700    277.698 0.0293383530  
     14750    277.548 0.0292032762  
     14800    277.397 0.0290682560  
     14850    277.246 0.0289332929  
     14900    277.094 0.0287983874  
     14950    276.943 0.0286635403  
     15000    276.791 0.0285287520  
     15050    276.640 0.0283940231  
     15100    276.488 0.0282593544  
     15150    276.336 0.0281247463  
     15200    276.184 0.0279901995  
     15250    276.032 0.0278557147  
     15300    275.879 0.0277212924  
     15350    275.727 0.0275869334  
     15400    275.574 0.0274526382  
     15450    275.421 0.0273184075  
     15500    275.268 0.0271842420  
     15550    275.115 0.0270501423  
     15600    274.961 0.0269161091  
     15650    274.808 0.0267821432  
     15700    274.654 0.0266482451  
     15750    274.500 0.0265144156  
     15800    274.346 0.0263806555  
     15850    274.192 0.0262469653  
     15900    274.037 0.0261133459  
     15950    273.882 0.0259797979  
     16000    273.728 0.0258463222  
     16050    273.573 0.0257129194  
     16100    273.418 0.0255795903  
     16150    273.262 0.0254463356  
     16200    273.113 0.0253244576  
     16250    272.974 0.0252242794  
     16300    272.836 0.0251241603  
     16350    272.698 0.0250241013  
     16400    272.561 0.0249241039  
     16450    272.423 0.0248241688  
     16500    272.286 0.0247242974  
     16550    272.149 0.0246244907  
     16600    272.012 0.0245247499  
     16650    271.875 0.0244250760  
     16700    271.738 0.0243254701  
     16750    271.602 0.0242259332  
     16800    271.465 0.0241264664  
     16850    271.329 0.0240270708  
     16900    271.193 0.0239277472  
     16950    271.057 0.0238284966  
     17000    270.921 0.0237293201  
     17050    270.786 0.0236302186  
     17100    270.650 0.0235311930  
     17150    270.515 0.0234322444  
     17200    270.380 0.0233333734  
     17250    270.245 0.0232345812  
     17300    270.110 0.0231358686  
     17350    269.975 0.0230372364  
     17400    269.840 0.0229386856  
     17450    269.706 0.0228402169  
     17500    269.572 0.0227418313  
     17550    269.437 0.0226435296  
     17600    269.303 0.0225453126  
     17650    269.169 0.0224471812  
     17700    269.035 0.0223491361  
     17750    268.902 0.0222511781  
     17800    268.768 0.0221533081  
     17850    268.634 0.0220555268  
     17900    268.501 0.0219578350  
     17950    268.368 0.0218602334  
     18000    268.234 0.0217627229  
