Moist adiabatic profiles SST=316 
 z(m)  T(K)  qv(kg/kg) 
         0    315.000 0.0435995144  
        50    314.511 0.0435995144  
       100    314.023 0.0435995144  
       150    313.534 0.0435995144  
       200    313.046 0.0435995144  
       250    312.557 0.0435995144  
       300    312.069 0.0435995144  
       350    311.580 0.0435995144  
       400    311.092 0.0435995144  
       450    310.603 0.0435995144  
       500    310.115 0.0435991806  
       550    309.962 0.0434652865  
       600    309.808 0.0433314094  
       650    309.654 0.0431975496  
       700    309.500 0.0430637073  
       750    309.346 0.0429298828  
       800    309.192 0.0427960761  
       850    309.038 0.0426622877  
       900    308.884 0.0425285177  
       950    308.730 0.0423947663  
      1000    308.576 0.0422610338  
      1050    308.422 0.0421273204  
      1100    308.267 0.0419936264  
      1150    308.113 0.0418599520  
      1200    307.959 0.0417262975  
      1250    307.804 0.0415926630  
      1300    307.650 0.0414590489  
      1350    307.495 0.0413254554  
      1400    307.341 0.0411918827  
      1450    307.186 0.0410583312  
      1500    307.031 0.0409248009  
      1550    306.877 0.0407912923  
      1600    306.722 0.0406578056  
      1650    306.567 0.0405243410  
      1700    306.412 0.0403908988  
      1750    306.257 0.0402574792  
      1800    306.102 0.0401240825  
      1850    305.947 0.0399907091  
      1900    305.792 0.0398573591  
      1950    305.637 0.0397240328  
      2000    305.482 0.0395907306  
      2050    305.326 0.0394574527  
      2100    305.171 0.0393241993  
      2150    305.016 0.0391909707  
      2200    304.860 0.0390577673  
      2250    304.705 0.0389245894  
      2300    304.549 0.0387914371  
      2350    304.393 0.0386583108  
      2400    304.238 0.0385252109  
      2450    304.082 0.0383921375  
      2500    303.926 0.0382590910  
      2550    303.770 0.0381260717  
      2600    303.614 0.0379930799  
      2650    303.458 0.0378601158  
      2700    303.302 0.0377271799  
      2750    303.145 0.0375942724  
      2800    302.989 0.0374613936  
      2850    302.833 0.0373285439  
      2900    302.676 0.0371957235  
      2950    302.520 0.0370629328  
      3000    302.363 0.0369301721  
      3050    302.207 0.0367974417  
      3100    302.050 0.0366647420  
      3150    301.893 0.0365320732  
      3200    301.736 0.0363994358  
      3250    301.579 0.0362668300  
      3300    301.422 0.0361342563  
      3350    301.265 0.0360017148  
      3400    301.108 0.0358692061  
      3450    300.950 0.0357367304  
      3500    300.793 0.0356042881  
      3550    300.636 0.0354718795  
      3600    300.478 0.0353395050  
      3650    300.320 0.0352071650  
      3700    300.163 0.0350748597  
      3750    300.005 0.0349425897  
      3800    299.847 0.0348103552  
      3850    299.689 0.0346781567  
      3900    299.531 0.0345459944  
      3950    299.373 0.0344138688  
      4000    299.214 0.0342817803  
      4050    299.056 0.0341497293  
      4100    298.898 0.0340177161  
      4150    298.739 0.0338857411  
      4200    298.580 0.0337538047  
      4250    298.422 0.0336219074  
      4300    298.263 0.0334900495  
      4350    298.104 0.0333582314  
      4400    297.945 0.0332264536  
      4450    297.786 0.0330947165  
      4500    297.626 0.0329630204  
      4550    297.467 0.0328313659  
      4600    297.308 0.0326997532  
      4650    297.148 0.0325681829  
      4700    296.988 0.0324366554  
      4750    296.829 0.0323051712  
      4800    296.669 0.0321737306  
      4850    296.509 0.0320423341  
      4900    296.348 0.0319109822  
      4950    296.188 0.0317796753  
      5000    296.028 0.0316484138  
      5050    295.867 0.0315171983  
      5100    295.707 0.0313860292  
      5150    295.546 0.0312549070  
      5200    295.385 0.0311238321  
      5250    295.224 0.0309928051  
      5300    295.063 0.0308618263  
      5350    294.902 0.0307308964  
      5400    294.741 0.0306000157  
      5450    294.580 0.0304691849  
      5500    294.418 0.0303384043  
      5550    294.256 0.0302076745  
      5600    294.095 0.0300769960  
      5650    293.933 0.0299463694  
      5700    293.771 0.0298157951  
      5750    293.608 0.0296852737  
      5800    293.446 0.0295548057  
      5850    293.284 0.0294243916  
      5900    293.121 0.0292940320  
      5950    292.958 0.0291637275  
      6000    292.795 0.0290334785  
      6050    292.632 0.0289032857  
      6100    292.469 0.0287731496  
      6150    292.306 0.0286430708  
      6200    292.142 0.0285130499  
      6250    291.979 0.0283830874  
      6300    291.815 0.0282531839  
      6350    291.651 0.0281233400  
      6400    291.487 0.0279935563  
      6450    291.323 0.0278638335  
      6500    291.159 0.0277341721  
      6550    290.994 0.0276045727  
      6600    290.830 0.0274750361  
      6650    290.665 0.0273455627  
      6700    290.500 0.0272161532  
      6750    290.335 0.0270868084  
      6800    290.169 0.0269575287  
      6850    290.004 0.0268283150  
      6900    289.838 0.0266991678  
      6950    289.672 0.0265700878  
      7000    289.507 0.0264410757  
      7050    289.340 0.0263121322  
      7100    289.174 0.0261832580  
      7150    289.008 0.0260544537  
      7200    288.841 0.0259257201  
      7250    288.674 0.0257970579  
      7300    288.507 0.0256684678  
      7350    288.340 0.0255399505  
      7400    288.172 0.0254115068  
      7450    288.005 0.0252831375  
      7500    287.837 0.0251548431  
      7550    287.669 0.0250266246  
      7600    287.501 0.0248984827  
      7650    287.333 0.0247704182  
      7700    287.164 0.0246424319  
      7750    286.995 0.0245145244  
      7800    286.827 0.0243866968  
      7850    286.657 0.0242589497  
      7900    286.488 0.0241312839  
      7950    286.319 0.0240037004  
      8000    286.149 0.0238762000  
      8050    285.979 0.0237487834  
      8100    285.809 0.0236214516  
      8150    285.638 0.0234942054  
      8200    285.468 0.0233670457  
      8250    285.297 0.0232399733  
      8300    285.126 0.0231129893  
      8350    284.955 0.0229860944  
      8400    284.783 0.0228592897  
      8450    284.611 0.0227325759  
      8500    284.439 0.0226059542  
      8550    284.267 0.0224794253  
      8600    284.095 0.0223529903  
      8650    283.922 0.0222266502  
      8700    283.749 0.0221004058  
      8750    283.576 0.0219742583  
      8800    283.403 0.0218482086  
      8850    283.229 0.0217222578  
      8900    283.055 0.0215964067  
      8950    282.881 0.0214706566  
      9000    282.707 0.0213450085  
      9050    282.532 0.0212194634  
      9100    282.357 0.0210940223  
      9150    282.182 0.0209686865  
      9200    282.007 0.0208434569  
      9250    281.831 0.0207183347  
      9300    281.655 0.0205933211  
      9350    281.479 0.0204684172  
      9400    281.302 0.0203436240  
      9450    281.126 0.0202189429  
      9500    280.949 0.0200943750  
      9550    280.771 0.0199699214  
      9600    280.593 0.0198455835  
      9650    280.416 0.0197213624  
      9700    280.237 0.0195972593  
      9750    280.059 0.0194732756  
      9800    279.880 0.0193494125  
      9850    279.701 0.0192256713  
      9900    279.521 0.0191020533  
      9950    279.342 0.0189785598  
     10000    279.161 0.0188551922  
     10050    278.981 0.0187319518  
     10100    278.800 0.0186088400  
     10150    278.619 0.0184858581  
     10200    278.438 0.0183630077  
     10250    278.256 0.0182402901  
     10300    278.074 0.0181177068  
     10350    277.892 0.0179952592  
     10400    277.709 0.0178729488  
     10450    277.526 0.0177507771  
     10500    277.343 0.0176287456  
     10550    277.159 0.0175068559  
     10600    276.975 0.0173851095  
     10650    276.790 0.0172635081  
     10700    276.605 0.0171420531  
     10750    276.420 0.0170207463  
     10800    276.235 0.0168995892  
     10850    276.049 0.0167785836  
     10900    275.862 0.0166577311  
     10950    275.675 0.0165370334  
     11000    275.488 0.0164164922  
     11050    275.301 0.0162961094  
     11100    275.113 0.0161758866  
     11150    274.924 0.0160558258  
     11200    274.736 0.0159359286  
     11250    274.547 0.0158161970  
     11300    274.357 0.0156966329  
     11350    274.167 0.0155772381  
     11400    273.977 0.0154580145  
     11450    273.786 0.0153389641  
     11500    273.594 0.0152200890  
     11550    273.403 0.0151013910  
     11600    273.210 0.0149828722  
     11650    273.034 0.0148821929  
     11700    272.863 0.0147879111  
     11750    272.692 0.0146937624  
     11800    272.522 0.0145997488  
     11850    272.351 0.0145058732  
     11900    272.181 0.0144121368  
     11950    272.011 0.0143185415  
     12000    271.841 0.0142250894  
     12050    271.671 0.0141317822  
     12100    271.501 0.0140386220  
     12150    271.331 0.0139456107  
     12200    271.161 0.0138527500  
     12250    270.992 0.0137600419  
     12300    270.822 0.0136674882  
     12350    270.653 0.0135750906  
     12400    270.484 0.0134828511  
     12450    270.314 0.0133907714  
     12500    270.145 0.0132988532  
     12550    269.976 0.0132070983  
     12600    269.807 0.0131155085  
     12650    269.638 0.0130240854  
     12700    269.469 0.0129328309  
     12750    269.300 0.0128417465  
     12800    269.131 0.0127508341  
     12850    268.962 0.0126600952  
     12900    268.794 0.0125695316  
     12950    268.625 0.0124791449  
     13000    268.456 0.0123889368  
     13050    268.287 0.0122989090  
     13100    268.119 0.0122090630  
     13150    267.950 0.0121194005  
     13200    267.781 0.0120299232  
     13250    267.613 0.0119406326  
     13300    267.444 0.0118515305  
     13350    267.276 0.0117626183  
     13400    267.107 0.0116738977  
     13450    266.938 0.0115853703  
     13500    266.770 0.0114970378  
     13550    266.601 0.0114089016  
     13600    266.433 0.0113209635  
     13650    266.264 0.0112332250  
     13700    266.095 0.0111456876  
     13750    265.927 0.0110583530  
     13800    265.758 0.0109712228  
     13850    265.589 0.0108842986  
     13900    265.420 0.0107975819  
     13950    265.251 0.0107110743  
     14000    265.082 0.0106247774  
     14050    264.913 0.0105386929  
     14100    264.744 0.0104528222  
     14150    264.575 0.0103671671  
     14200    264.406 0.0102817290  
     14250    264.237 0.0101965096  
     14300    264.068 0.0101115105  
     14350    263.899 0.0100267332  
     14400    263.729 0.0099421795  
     14450    263.560 0.0098578508  
     14500    263.390 0.0097737488  
     14550    263.220 0.0096898751  
     14600    263.051 0.0096062314  
     14650    262.881 0.0095228192  
     14700    262.711 0.0094396401  
     14750    262.541 0.0093566959  
     14800    262.371 0.0092739882  
     14850    262.201 0.0091915185  
     14900    262.030 0.0091092886  
     14950    261.860 0.0090273001  
     15000    261.689 0.0089455547  
     15050    261.518 0.0088640540  
     15100    261.348 0.0087827997  
     15150    261.177 0.0087017934  
     15200    261.006 0.0086210370  
     15250    260.834 0.0085405321  
     15300    260.663 0.0084602803  
     15350    260.491 0.0083802834  
     15400    260.320 0.0083005432  
     15450    260.148 0.0082210613  
     15500    259.976 0.0081418394  
     15550    259.804 0.0080628795  
     15600    259.631 0.0079841831  
     15650    259.459 0.0079057520  
     15700    259.286 0.0078275881  
     15750    259.113 0.0077496932  
     15800    258.940 0.0076720689  
     15850    258.767 0.0075947171  
     15900    258.594 0.0075176397  
     15950    258.420 0.0074408384  
     16000    258.246 0.0073643151  
     16050    258.072 0.0072880717  
     16100    257.898 0.0072121099  
     16150    257.723 0.0071364317  
     16200    257.549 0.0070610389  
     16250    257.374 0.0069859335  
     16300    257.199 0.0069111172  
     16350    257.023 0.0068365921  
     16400    256.848 0.0067623600  
     16450    256.672 0.0066884230  
     16500    256.496 0.0066147828  
     16550    256.320 0.0065414415  
     16600    256.143 0.0064684011  
     16650    255.966 0.0063956635  
     16700    255.789 0.0063232308  
     16750    255.612 0.0062511049  
     16800    255.434 0.0061792878  
     16850    255.256 0.0061077816  
     16900    255.078 0.0060365882  
     16950    254.900 0.0059657099  
     17000    254.721 0.0058951486  
     17050    254.542 0.0058249063  
     17100    254.363 0.0057549852  
     17150    254.183 0.0056853875  
     17200    254.003 0.0056161150  
     17250    253.823 0.0055471701  
     17300    253.642 0.0054785549  
     17350    253.461 0.0054102714  
     17400    253.280 0.0053423218  
     17450    253.078 0.0052679845  
     17500    252.836 0.0051809810  
     17550    252.593 0.0050944986  
     17600    252.348 0.0050085448  
     17650    252.101 0.0049231270  
     17700    251.853 0.0048382530  
     17750    251.603 0.0047539304  
     17800    251.352 0.0046701670  
     17850    251.099 0.0045869708  
     17900    250.845 0.0045043496  
     17950    250.588 0.0044223117  
     18000    250.331 0.0043408650  
