Moist adiabatic profiles SST=306 
 z(m)  T(K)  qv(kg/kg) 
         0    305.000 0.0243651289  
        50    304.511 0.0243651289  
       100    304.023 0.0243651289  
       150    303.534 0.0243651289  
       200    303.046 0.0243651289  
       250    302.557 0.0243651289  
       300    302.069 0.0243651289  
       350    301.580 0.0243651289  
       400    301.092 0.0243651289  
       450    300.603 0.0243651289  
       500    300.269 0.0243034268  
       550    300.088 0.0241801626  
       600    299.908 0.0240569780  
       650    299.727 0.0239338739  
       700    299.546 0.0238108510  
       750    299.365 0.0236879103  
       800    299.184 0.0235650525  
       850    299.002 0.0234422784  
       900    298.820 0.0233195888  
       950    298.638 0.0231969847  
      1000    298.456 0.0230744668  
      1050    298.274 0.0229520361  
      1100    298.091 0.0228296933  
      1150    297.908 0.0227074394  
      1200    297.725 0.0225852752  
      1250    297.542 0.0224632017  
      1300    297.358 0.0223412197  
      1350    297.175 0.0222193302  
      1400    296.991 0.0220975341  
      1450    296.806 0.0219758323  
      1500    296.622 0.0218542258  
      1550    296.437 0.0217327156  
      1600    296.252 0.0216113025  
      1650    296.067 0.0214899877  
      1700    295.882 0.0213687720  
      1750    295.696 0.0212476565  
      1800    295.510 0.0211266421  
      1850    295.324 0.0210057300  
      1900    295.137 0.0208849211  
      1950    294.950 0.0207642165  
      2000    294.763 0.0206436173  
      2050    294.576 0.0205231244  
      2100    294.389 0.0204027391  
      2150    294.201 0.0202824623  
      2200    294.013 0.0201622952  
      2250    293.824 0.0200422389  
      2300    293.636 0.0199222946  
      2350    293.447 0.0198024633  
      2400    293.258 0.0196827463  
      2450    293.068 0.0195631447  
      2500    292.878 0.0194436597  
      2550    292.688 0.0193242925  
      2600    292.498 0.0192050443  
      2650    292.307 0.0190859163  
      2700    292.116 0.0189669097  
      2750    291.925 0.0188480259  
      2800    291.733 0.0187292661  
      2850    291.541 0.0186106315  
      2900    291.349 0.0184921236  
      2950    291.157 0.0183737435  
      3000    290.964 0.0182554926  
      3050    290.771 0.0181373722  
      3100    290.577 0.0180193838  
      3150    290.383 0.0179015287  
      3200    290.189 0.0177838082  
      3250    289.994 0.0176662239  
      3300    289.800 0.0175487770  
      3350    289.604 0.0174314692  
      3400    289.409 0.0173143017  
      3450    289.213 0.0171972762  
      3500    289.017 0.0170803941  
      3550    288.820 0.0169636569  
      3600    288.623 0.0168470661  
      3650    288.425 0.0167306234  
      3700    288.228 0.0166143302  
      3750    288.030 0.0164981882  
      3800    287.831 0.0163821990  
      3850    287.632 0.0162663641  
      3900    287.433 0.0161506854  
      3950    287.233 0.0160351643  
      4000    287.033 0.0159198027  
      4050    286.833 0.0158046022  
      4100    286.632 0.0156895645  
      4150    286.430 0.0155746915  
      4200    286.229 0.0154599848  
      4250    286.026 0.0153454463  
      4300    285.824 0.0152310779  
      4350    285.621 0.0151168813  
      4400    285.417 0.0150028584  
      4450    285.213 0.0148890111  
      4500    285.009 0.0147753413  
      4550    284.804 0.0146618510  
      4600    284.599 0.0145485422  
      4650    284.393 0.0144354167  
      4700    284.187 0.0143224767  
      4750    283.981 0.0142097258  
      4800    283.774 0.0140971643  
      4850    283.566 0.0139847944  
      4900    283.358 0.0138726181  
      4950    283.149 0.0137606377  
      5000    282.940 0.0136488553  
      5050    282.731 0.0135372731  
      5100    282.521 0.0134258932  
      5150    282.310 0.0133147181  
      5200    282.099 0.0132037500  
      5250    281.888 0.0130929911  
      5300    281.675 0.0129824439  
      5350    281.463 0.0128721107  
      5400    281.250 0.0127619940  
      5450    281.036 0.0126520961  
      5500    280.822 0.0125424196  
      5550    280.607 0.0124329669  
      5600    280.391 0.0123237406  
      5650    280.175 0.0122147433  
      5700    279.959 0.0121059775  
      5750    279.741 0.0119974460  
      5800    279.524 0.0118891513  
      5850    279.305 0.0117810961  
      5900    279.086 0.0116732833  
      5950    278.867 0.0115657156  
      6000    278.647 0.0114583959  
      6050    278.426 0.0113513269  
      6100    278.204 0.0112445115  
      6150    277.982 0.0111379527  
      6200    277.759 0.0110316535  
      6250    277.536 0.0109256168  
      6300    277.312 0.0108198457  
      6350    277.087 0.0107143432  
      6400    276.862 0.0106091126  
      6450    276.636 0.0105041569  
      6500    276.409 0.0103994794  
      6550    276.181 0.0102950832  
      6600    275.953 0.0101909718  
      6650    275.724 0.0100871484  
      6700    275.494 0.0099836164  
      6750    275.264 0.0098803791  
      6800    275.033 0.0097774402  
      6850    274.801 0.0096748030  
      6900    274.568 0.0095724712  
      6950    274.335 0.0094704483  
      7000    274.101 0.0093687380  
      7050    273.866 0.0092673439  
      7100    273.630 0.0091662698  
      7150    273.393 0.0090655195  
      7200    273.156 0.0089653449  
      7250    272.939 0.0088790240  
      7300    272.722 0.0087929435  
      7350    272.505 0.0087071070  
      7400    272.289 0.0086215182  
      7450    272.072 0.0085361808  
      7500    271.855 0.0084510984  
      7550    271.638 0.0083662745  
      7600    271.421 0.0082817127  
      7650    271.204 0.0081974164  
      7700    270.987 0.0081133892  
      7750    270.770 0.0080296345  
      7800    270.552 0.0079461558  
      7850    270.335 0.0078629564  
      7900    270.118 0.0077800397  
      7950    269.900 0.0076974091  
      8000    269.682 0.0076150679  
      8050    269.465 0.0075330195  
      8100    269.247 0.0074512671  
      8150    269.029 0.0073698141  
      8200    268.811 0.0072886636  
      8250    268.592 0.0072078191  
      8300    268.374 0.0071272837  
      8350    268.155 0.0070470606  
      8400    267.936 0.0069671531  
      8450    267.717 0.0068875644  
      8500    267.498 0.0068082978  
      8550    267.278 0.0067293563  
      8600    267.059 0.0066507432  
      8650    266.839 0.0065724617  
      8700    266.619 0.0064945150  
      8750    266.398 0.0064169063  
      8800    266.178 0.0063396386  
      8850    265.957 0.0062627152  
      8900    265.736 0.0061861393  
      8950    265.514 0.0061099140  
      9000    265.293 0.0060340424  
      9050    265.071 0.0059585278  
      9100    264.849 0.0058833733  
      9150    264.626 0.0058085820  
      9200    264.403 0.0057341571  
      9250    264.180 0.0056601017  
      9300    263.956 0.0055864191  
      9350    263.732 0.0055131123  
      9400    263.508 0.0054401845  
      9450    263.283 0.0053676390  
      9500    263.058 0.0052954788  
      9550    262.833 0.0052237070  
      9600    262.607 0.0051523270  
      9650    262.381 0.0050813418  
      9700    262.155 0.0050107546  
      9750    261.928 0.0049405685  
      9800    261.700 0.0048707868  
      9850    261.472 0.0048014126  
      9900    261.244 0.0047324491  
      9950    261.015 0.0046638995  
     10000    260.786 0.0045957668  
     10050    260.557 0.0045280544  
     10100    260.327 0.0044607653  
     10150    260.096 0.0043939028  
     10200    259.865 0.0043274699  
     10250    259.633 0.0042614700  
     10300    259.401 0.0041959061  
     10350    259.168 0.0041307815  
     10400    258.935 0.0040660992  
     10450    258.702 0.0040018625  
     10500    258.467 0.0039380744  
     10550    258.233 0.0038747383  
     10600    257.997 0.0038118571  
     10650    257.761 0.0037494341  
     10700    257.525 0.0036874723  
     10750    257.288 0.0036259749  
     10800    257.050 0.0035649450  
     10850    256.812 0.0035043858  
     10900    256.573 0.0034443002  
     10950    256.333 0.0033846914  
     11000    256.093 0.0033255625  
     11050    255.852 0.0032669164  
     11100    255.611 0.0032087562  
     11150    255.368 0.0031510850  
     11200    255.126 0.0030939056  
     11250    254.882 0.0030372212  
     11300    254.638 0.0029810345  
     11350    254.393 0.0029253487  
     11400    254.147 0.0028701664  
     11450    253.901 0.0028154907  
     11500    253.654 0.0027613242  
     11550    253.406 0.0027076699  
     11600    253.157 0.0026544339  
     11650    252.843 0.0025927709  
     11700    252.527 0.0025318563  
     11750    252.209 0.0024716965  
     11800    251.888 0.0024122978  
     11850    251.566 0.0023536661  
     11900    251.241 0.0022958073  
     11950    250.914 0.0022387272  
     12000    250.585 0.0021824312  
     12050    250.254 0.0021269247  
     12100    249.920 0.0020722127  
     12150    249.585 0.0020183002  
     12200    249.247 0.0019651917  
     12250    248.906 0.0019128916  
     12300    248.563 0.0018614039  
     12350    248.218 0.0018107326  
     12400    247.871 0.0017608811  
     12450    247.521 0.0017118526  
     12500    247.169 0.0016636500  
     12550    246.815 0.0016162758  
     12600    246.458 0.0015697323  
     12650    246.099 0.0015240214  
     12700    245.738 0.0014791444  
     12750    245.374 0.0014351025  
     12800    245.008 0.0013918963  
     12850    244.639 0.0013495263  
     12900    244.269 0.0013079922  
     12950    243.895 0.0012672936  
     13000    243.520 0.0012274294  
     13050    243.142 0.0011883983  
     13100    242.761 0.0011501985  
     13150    242.379 0.0011128275  
     13200    241.994 0.0010762828  
     13250    241.606 0.0010405611  
     13300    241.217 0.0010056587  
     13350    240.825 0.0009715715  
     13400    240.430 0.0009382950  
     13450    240.034 0.0009058240  
     13500    239.635 0.0008741532  
     13550    239.234 0.0008432765  
     13600    238.831 0.0008131876  
     13650    238.425 0.0007838796  
     13700    238.017 0.0007553452  
     13750    237.607 0.0007275768  
     13800    237.195 0.0007005661  
     13850    236.781 0.0006743048  
     13900    236.365 0.0006487838  
     13950    235.947 0.0006239939  
     14000    235.526 0.0005999253  
     14050    235.104 0.0005765681  
     14100    234.679 0.0005539119  
     14150    234.253 0.0005319460  
     14200    233.825 0.0005106594  
     14250    233.395 0.0004900409  
     14300    232.963 0.0004700789  
     14350    232.529 0.0004507616  
     14400    232.093 0.0004320770  
     14450    231.656 0.0004140130  
     14500    231.217 0.0003965570  
     14550    230.776 0.0003796966  
     14600    230.334 0.0003634191  
     14650    229.890 0.0003477116  
     14700    229.444 0.0003325612  
     14750    228.997 0.0003179550  
     14800    228.548 0.0003038798  
     14850    228.098 0.0002903226  
     14900    227.646 0.0002772702  
     14950    227.193 0.0002647096  
     15000    226.739 0.0002526277  
     15050    226.283 0.0002410114  
     15100    225.827 0.0002298478  
     15150    225.368 0.0002191239  
     15200    224.909 0.0002088269  
     15250    224.448 0.0001989441  
     15300    223.987 0.0001894629  
     15350    223.524 0.0001803708  
     15400    223.060 0.0001716557  
     15450    222.595 0.0001633053  
     15500    222.129 0.0001553076  
     15550    221.662 0.0001476510  
     15600    221.195 0.0001403238  
     15650    220.726 0.0001333147  
     15700    220.256 0.0001266124  
     15750    219.786 0.0001202062  
     15800    219.315 0.0001140853  
     15850    218.843 0.0001082392  
     15900    218.370 0.0001026577  
     15950    217.897 0.0000973308  
     16000    217.422 0.0000922488  
     16050    216.948 0.0000874023  
     16100    216.472 0.0000827819  
     16150    215.996 0.0000783788  
     16200    215.519 0.0000741842  
     16250    215.042 0.0000701896  
     16300    214.564 0.0000663870  
     16350    214.086 0.0000627682  
     16400    213.607 0.0000593256  
     16450    213.128 0.0000560519  
     16500    212.648 0.0000529398  
     16550    212.168 0.0000499823  
     16600    211.688 0.0000471728  
     16650    211.207 0.0000445048  
     16700    210.725 0.0000419722  
     16750    210.244 0.0000395688  
     16800    209.761 0.0000372890  
     16850    209.279 0.0000351273  
     16900    208.796 0.0000330782  
     16950    208.313 0.0000311368  
     17000    207.830 0.0000292980  
     17050    207.346 0.0000275572  
     17100    206.862 0.0000259099  
     17150    206.378 0.0000243518  
     17200    205.894 0.0000228787  
     17250    205.409 0.0000214867  
     17300    204.924 0.0000201720  
     17350    204.439 0.0000189309  
     17400    203.954 0.0000177599  
     17450    203.469 0.0000166557  
     17500    202.983 0.0000156152  
     17550    202.497 0.0000146353  
     17600    202.011 0.0000137129  
     17650    201.525 0.0000128454  
     17700    201.039 0.0000120299  
     17750    200.553 0.0000112640  
     17800    200.066 0.0000105450  
     17850    199.580 0.0000098707  
     17900    199.093 0.0000092386  
     17950    198.606 0.0000086465  
     18000    198.119 0.0000080923  
